0.8645464777946472
0.790637731552124
0.7278928160667419
0.6754235625267029
0.6263256669044495
0.5842185020446777
0.531758725643158
0.5264139771461487
0.49095743894577026
0.4601696729660034
0.42944133281707764
0.396618127822876
0.3833352029323578
0.3610243797302246
0.347221702337265
0.3310011923313141
0.31861209869384766
0.30267754197120667
0.2821793556213379
0.284941703081131
0.27546507120132446
0.261529803276062
0.25180092453956604
0.25382789969444275
0.25071287155151367
0.2448136806488037
0.23468777537345886
0.257607638835907
0.22413668036460876
0.22641503810882568
0.22877565026283264
0.21304157376289368
0.22321324050426483
0.21066103875637054
0.1939300149679184
0.19755183160305023
0.21001842617988586
0.1987876296043396
0.19767004251480103
0.17699283361434937
0.19019168615341187
0.2067762017250061
0.19234949350357056
0.17768439650535583
0.1903175562620163
0.19040435552597046
0.17908553779125214
0.1607394516468048
0.18735139071941376
0.16944104433059692
0.15525154769420624
0.16327722370624542
0.18156974017620087
0.15995435416698456
0.1603681594133377
0.18660196661949158
0.15560117363929749
0.14651432633399963
0.1550191193819046
0.17286810278892517
0.17568020522594452
0.15940234065055847
0.19432634115219116
0.1796213835477829
0.16034582257270813
0.1933118999004364
0.16648763418197632
0.15548616647720337
0.15746033191680908
0.15043242275714874
0.14637307822704315
0.14307986199855804
0.13974814116954803
0.14835582673549652
0.14684362709522247
0.13317005336284637
0.15746018290519714
0.142024427652359
0.14307300746440887
0.12919455766677856
0.1305474042892456
0.13251861929893494
0.13405069708824158
0.1742054522037506
0.1282263994216919
0.13506530225276947
0.12829577922821045
0.1362619549036026
0.13373050093650818
0.13323187828063965
0.16301821172237396
0.13092383742332458
0.1316462606191635
0.126718670129776
0.11418892443180084
0.12685079872608185
0.12489371001720428
0.1411685049533844
0.12829864025115967
0.11928769201040268
0.1302933543920517
0.1210142970085144
0.12306346744298935
0.12353800237178802
0.13038526475429535
0.10840430110692978
0.12619103491306305
0.11315944790840149
0.11578452587127686
0.11619167029857635
0.11565028876066208
0.13968849182128906
0.10416677594184875
0.12128368020057678
0.1279021054506302
0.12169043719768524
0.11123879998922348
0.10814513266086578
0.12252940237522125
0.11311977356672287
0.10714657604694366
0.10641472041606903
0.11108806729316711
0.1059742271900177
0.10649752616882324
0.10262459516525269
0.09919102489948273
0.11786370724439621
0.10434587299823761
0.10417281836271286
0.10338559001684189
0.10732455551624298
0.114700548350811
0.11107292771339417
0.1001703068614006
0.10119254887104034
0.10146485269069672
0.09328191727399826
0.0995788723230362
0.13928551971912384
0.09730570018291473
0.10740482062101364
0.1071881353855133
0.09930448979139328
0.09773239493370056
0.09783228486776352
0.13900822401046753
0.10086765140295029
0.09908564388751984
0.10706965625286102
0.10376928746700287
0.09160484373569489
0.09644797444343567
0.11579525470733643
0.09113787114620209
0.09347639977931976
0.09725011885166168
0.10388477891683578
0.08787760138511658
0.09088098257780075
0.11115185916423798
0.09680985659360886
0.08994410932064056
0.09482495486736298
0.09479721635580063
0.0897967666387558
0.09665250033140182
0.09194251894950867
0.08353250473737717
0.09368415921926498
0.08518263697624207
0.09222149848937988
0.09230989217758179
0.10549550503492355
0.09499894827604294
0.08233272284269333
0.08553248643875122
0.08261183649301529
0.08995053172111511
0.08368390798568726
0.09119246900081635
0.10352462530136108
0.0817703828215599
0.09590043127536774
0.09050235152244568
0.0954466313123703
0.08873146772384644
0.08424051851034164
0.10290911048650742
0.0917367935180664
0.08749019354581833
0.08459194004535675
0.09578745812177658
0.08695020526647568
0.08144624531269073
0.0887930691242218
0.08588510006666183
0.0814768373966217
0.07874103635549545
0.08731438964605331
0.08299945294857025
0.07563218474388123
0.09885735809803009
0.07518766820430756
0.08053483814001083
0.07439370453357697
0.0830695778131485
0.0759502649307251
0.08681929111480713
0.11437906324863434
0.07669040560722351
0.0823901817202568
0.08851736783981323
0.08159983158111572
0.07748860120773315
0.08753689378499985
0.11041176319122314
0.08027946949005127
0.08994753658771515
0.08841294050216675
0.07653650641441345
0.07932107150554657
0.08174058794975281
0.09813859313726425
0.07714055478572845
0.09074799716472626
0.07718086242675781
0.08935205638408661
0.0759037584066391
0.07630570232868195
0.08664008229970932
0.08236514031887054
0.08024141937494278
0.08005023747682571
0.0837635025382042
0.07655584812164307
0.07080100476741791
0.09276530146598816
0.08313001692295074
0.07273989170789719
0.07619643211364746
0.07413816452026367
0.07210008800029755
0.07387592643499374
0.09291459619998932
0.07086625695228577
0.07209940254688263
0.07004790753126144
0.06680039316415787
0.08181307464838028
0.08264165371656418
0.0940815731883049
0.07696708291769028
0.07839342951774597
0.07650376856327057
0.07231570780277252
0.07255111634731293
0.07172379642724991
0.08666869252920151
0.07544922828674316
0.07203586399555206
0.06984524428844452
0.08095771819353104
0.06780064105987549
0.07624050229787827
0.1043541356921196
0.07725585997104645
0.06732375919818878
0.0688609704375267
0.07281652837991714
0.07855971157550812
0.06475863605737686
0.09692742675542831
0.0699092373251915
0.0732412114739418
0.07280544936656952
0.07092990726232529
0.07048070430755615
0.07193439453840256
0.09759047627449036
0.06081181392073631
0.07089216262102127
0.07199674099683762
0.06902238726615906
0.07262186706066132
0.07467740029096603
0.08226553350687027
0.07987072318792343
0.06522373855113983
0.07072773575782776
0.06475725024938583
0.06910799443721771
0.07541187107563019
0.10102974623441696
0.06753385066986084
0.07919773459434509
0.07468411326408386
0.0709225982427597
0.06921560317277908
0.06536427140235901
0.08506350219249725
0.06842681765556335
0.06670957803726196
0.06495942175388336
0.06260896474123001
0.06500691175460815
0.07304953038692474
0.1332235187292099
0.0778091624379158
0.07659029215574265
0.071799136698246
0.06534354388713837
0.07573720067739487
0.07404226064682007
0.0880637988448143
0.06580458581447601
0.06417565047740936
0.06265027821063995
0.06841275095939636
0.0652102679014206
0.06556352972984314
0.09141024947166443
0.06304019689559937
0.07016374915838242
0.06686178594827652
0.06563681364059448
0.06435719132423401
0.06178295239806175
0.07496833801269531
0.06014227867126465
0.057935502380132675
0.060858018696308136
0.06364922225475311
0.06300627440214157
0.06449545919895172
0.0711556151509285
0.0579385980963707
0.06975573301315308
0.06037478893995285
0.06659999489784241
0.07075256109237671
0.060330044478178024
0.07428091764450073
0.05893736705183983
0.06640638411045074
0.06573046743869781
0.06569783389568329
0.06371133029460907
0.05856676027178764
0.07114109396934509
0.058607932180166245
0.06111496686935425
0.06498420238494873
0.06692276149988174
0.06794769316911697
0.060108862817287445
0.07276461273431778
0.05896466597914696
0.05836723372340202
0.06155326962471008
0.06757242232561111
0.05811145529150963
0.059591829776763916
0.09915004670619965
0.059892863035202026
0.06762278079986572
0.06448973715305328
0.06388802081346512
0.0612613670527935
0.06684745848178864
0.07018500566482544
0.05351567268371582
0.06441362202167511
0.05881933122873306
0.05936938524246216
0.056849297136068344
0.06976525485515594
0.08013249933719635
0.056813664734363556
0.054199978709220886
0.062796950340271
0.05545376241207123
0.05895156413316727
0.06629408895969391
0.07872387766838074
0.054285045713186264
0.06235537678003311
0.05960503965616226
0.058985039591789246
0.05658666789531708
0.060801759362220764
0.07070863246917725
0.05480629950761795
0.057337790727615356
0.05914238095283508
0.06755492091178894
0.05509010702371597
0.05806806683540344
0.07182783633470535
0.054760366678237915
0.05705934390425682
0.05853985249996185
0.05775698646903038
0.058447085320949554
0.06369933485984802
0.061473436653614044
0.06512995809316635
0.05965958535671234
0.059308599680662155
0.05256607383489609
0.059053972363471985
0.05774582177400589
0.05694573372602463
0.055099379271268845
0.05725575238466263
0.053635939955711365
0.060013048350811005
0.05305396765470505
0.05264603719115257
0.10329443216323853
0.05826636403799057
0.05720867961645126
0.05876972898840904
0.058170877397060394
0.059910476207733154
0.0552055686712265
0.06463904678821564
0.059589534997940063
0.061277132481336594
0.060092248022556305
0.06030164659023285
0.05092882364988327
0.05113634467124939
0.07094322890043259
0.056809477508068085
0.058644622564315796
0.06402587890625
0.057210713624954224
0.05696093291044235
0.06034296751022339
0.0688684955239296
0.05918191000819206
0.054294489324092865
0.05296885967254639
0.05589137226343155
0.061081014573574066
0.060338735580444336
0.058889612555503845
0.0519406720995903
0.0518963597714901
0.050066687166690826
0.05072794854640961
0.07243164628744125
0.055453699082136154
0.09525134414434433
0.060425203293561935
0.05658009648323059
0.05447514355182648
0.055933188647031784
0.06337577104568481
0.054629892110824585
0.06891334801912308
0.0586586520075798
0.05510268732905388
0.05664445459842682
0.05672163516283035
0.05284964293241501
0.04926704987883568
0.07067669928073883
0.05778061971068382
0.057501018047332764
0.04956916719675064
0.05496662110090256
0.05696786567568779
0.05529198795557022
0.06953439861536026
0.05165548622608185
0.04887370020151138
0.057988520711660385
0.05560941621661186
0.052585169672966
0.053745388984680176
0.07341139018535614
0.05557001382112503
0.05114678665995598
0.05064599961042404
0.05579069256782532
0.05646664649248123
0.05259956046938896
0.06896005570888519
0.04884236678481102
0.05286426469683647
0.05372045561671257
0.05579541623592377
0.057804688811302185
0.05066382884979248
0.05928440019488335
0.05294930934906006
0.05584200844168663
0.0515381395816803
0.05951429158449173
0.05086515098810196
0.049841344356536865
0.08062797784805298
0.0549248568713665
0.05149698257446289
0.05133342742919922
0.05434993654489517
0.04901210963726044
0.05185666307806969
0.08260548114776611
0.05117379128932953
0.054476767778396606
0.0534466877579689
0.05285648629069328
0.052960313856601715
0.050132375210523605
0.07340623438358307
0.05046376585960388
0.05587772652506828
0.05992530286312103
0.05357867479324341
0.05160799250006676
0.05181185528635979
0.07539686560630798
0.05261854827404022
0.052930690348148346
0.048808515071868896
0.05177782475948334
0.05427562817931175
0.050556480884552
0.05777695029973984
0.05069856345653534
0.05215746909379959
0.05456206947565079
0.05060333013534546
0.054792698472738266
0.049466900527477264
0.06332900375127792
0.04613673686981201
0.05878939479589462
0.047334007918834686
0.05262255296111107
0.04852665960788727
0.051537495106458664
0.059078507125377655
0.05236687883734703
0.05143133923411369
0.04799630492925644
0.04620520398020744
0.05239376425743103
0.05317975580692291
0.05674232169985771
0.054987262934446335
0.0460050031542778
0.0516229122877121
0.04517481476068497
0.047497354447841644
0.05015898495912552
0.0704299658536911
0.046006932854652405
0.056899890303611755
0.04547654837369919
0.04840278625488281
0.05237579345703125
0.051713645458221436
0.0730033665895462
0.052415408194065094
0.05550210922956467
0.05538072809576988
0.04654042050242424
0.045568566769361496
0.05005188286304474
0.08277016133069992
0.05052435025572777
0.051190100610256195
0.0506553053855896
0.047790493816137314
0.05410754308104515
0.047260940074920654
0.06758302450180054
0.05183809623122215
0.0458405539393425
0.04852773994207382
0.04894915223121643
0.05308910459280014
0.04733125865459442
0.05224243924021721
0.04276587814092636
0.04905979335308075
0.04445957392454147
0.04790940880775452
0.04868803545832634
0.050230156630277634
0.08194981515407562
0.05568907782435417
0.04903879761695862
0.047208018600940704
0.04603782296180725
0.05069257318973541
0.05152016133069992
0.05565015971660614
0.044772982597351074
0.04657931625843048
0.04823771119117737
0.04929835721850395
0.04639335721731186
0.04470115900039673
0.09858134388923645
0.053494758903980255
0.05427879840135574
0.05206400156021118
0.050166234374046326
0.05424899980425835
0.04866151139140129
0.06281344592571259
0.05181700736284256
0.04921247810125351
0.04821140319108963
0.04823112487792969
0.05544836446642876
0.04512398689985275
0.07256513833999634
0.04823363944888115
0.04684439301490784
0.052652403712272644
0.05334445461630821
0.04872885346412659
0.046787358820438385
0.06487031280994415
0.04709915816783905
0.05307624489068985
0.05067868530750275
0.05052856728434563
0.049405619502067566
0.04691712558269501
0.056203536689281464
0.04566226527094841
0.04534737020730972
0.04409917816519737
0.04640190303325653
0.054142482578754425
0.04443475231528282
0.06979364156723022
0.05762592703104019
0.045927729457616806
0.046541839838027954
0.04590302333235741
0.04934347793459892
0.05373702570796013
0.05328209698200226
0.051989760249853134
0.05072151869535446
0.04642964527010918
0.0482894591987133
0.04155653342604637
0.04747737944126129
0.05612129718065262
0.04735040292143822
0.04233283922076225
0.05108825862407684
0.04252065718173981
0.04650680348277092
0.047965697944164276
0.07764072716236115
0.0472169890999794
0.047004759311676025
0.051065340638160706
0.053130827844142914
0.050742458552122116
0.04556357488036156
0.056721027940511703
0.04514367878437042
0.05467226356267929
0.04634511098265648
0.04456457123160362
0.051495350897312164
0.046930789947509766
0.09787233918905258
0.059228211641311646
0.051327209919691086
0.05563585087656975
0.05272025987505913
0.05306129902601242
0.04599606618285179
0.07168103009462357
0.04958651214838028
0.04817892611026764
0.05177438259124756
0.053457584232091904
0.05759076029062271
0.049711115658283234
0.0681980699300766
0.05238509923219681
0.04498530179262161
0.047960057854652405
0.04440070688724518
0.04710162803530693
0.04485572129487991
0.07835060358047485
0.0504770427942276
0.05125538632273674
0.047981299459934235
0.047277893871068954
0.0518999919295311
0.04846598207950592
0.06332959234714508
0.04447087645530701
0.05296872556209564
0.04926542565226555
0.05018932744860649
0.05669783800840378
0.048781655728816986
0.05693801864981651
0.04665054380893707
0.0463833287358284
0.04493558406829834
0.04436826333403587
0.0511537604033947
0.04594912752509117
0.0554070919752121
0.04258822649717331
0.045675404369831085
0.048468124121427536
0.04707464575767517
0.04442892223596573
0.044901736080646515
0.05768827348947525
0.04432037100195885
0.047642942517995834
0.04078257083892822
0.04321632906794548
0.05076222866773605
0.05277301371097565
0.06053946167230606
0.04661157354712486
0.04542607069015503
0.04965309426188469
0.04382249340415001
0.041614748537540436
0.044789619743824005
0.054361164569854736
0.044434066861867905
0.04764896258711815
0.04315835237503052
0.04724196344614029
0.04081756994128227
0.04203357920050621
0.06194419786334038
0.0438244454562664
0.04786381870508194
0.048063527792692184
0.04797111079096794
0.0437626950442791
0.04077528044581413
0.06790684908628464
0.043423812836408615
0.04716191440820694
0.0464019849896431
0.04529740661382675
0.04914294183254242
0.04951201379299164
0.09014927595853806
0.05810907483100891
0.05591151863336563
0.05405041202902794
0.04757939279079437
0.04436853528022766
0.05048404261469841
0.04998256266117096
0.0451732873916626
0.04362025111913681
0.04721933230757713
0.04476792365312576
0.04904989153146744
0.04422309249639511
0.08348088711500168
0.049232691526412964
0.051646068692207336
0.050359662622213364
0.0479656383395195
0.04368665814399719
0.04359098896384239
0.05407285690307617
0.04512442648410797
0.05055680498480797
0.042834918946027756
0.042486220598220825
0.04291015863418579
0.04781527444720268
0.05812067538499832
0.04288429021835327
0.046954911202192307
0.0451057106256485
0.04567454382777214
0.04282575473189354
0.04418015107512474
0.0657612532377243
0.05082886666059494
0.04157619550824165
0.04026586189866066
0.047194212675094604
0.04437197372317314
0.044025715440511703
0.050760816782712936
0.0502488873898983
0.04348714277148247
0.04806484282016754
0.04363502562046051
0.04130767658352852
0.03995756059885025
0.06056181713938713
0.043762482702732086
0.0418025366961956
0.04524918645620346
0.04212091118097305
0.0451221764087677
0.04787763953208923
0.0966111272573471
0.051373373717069626
0.05142858624458313
0.04625622555613518
0.040447819977998734
0.05079811066389084
0.044306911528110504
0.06109913811087608
0.04448763653635979
0.047255486249923706
0.04501169174909592
0.04409603402018547
0.04451538249850273
0.05053895711898804
0.06466980278491974
0.04257845878601074
0.04206254705786705
0.041082195937633514
0.041704606264829636
0.05197207257151604
0.04229631647467613
0.06709884852170944
0.04558972269296646
0.045811593532562256
0.042507465928792953
0.04473213106393814
0.04267503321170807
0.04166814684867859
0.04937068372964859
0.043738313019275665
0.04040820151567459
0.03968903794884682
0.04634711146354675
0.042880814522504807
0.0382201112806797
0.05250288546085358
0.042521800845861435
0.04131244495511055
0.04600883275270462
0.04546833783388138
0.03731134533882141
0.04136481136083603
0.050647929310798645
0.044578686356544495
0.04558014124631882
0.03975851461291313
0.04004688560962677
0.04073277860879898
0.04863002151250839
0.07670409232378006
0.05058620870113373
0.04948132857680321
0.044463515281677246
0.04440848529338837
0.04230280965566635
0.04197854548692703
0.061018556356430054
0.0438670888543129
0.04563319683074951
0.044062159955501556
0.03985176235437393
0.04441551864147186
0.04674500972032547
0.05467543005943298
0.045547738671302795
0.04110754653811455
0.03835495561361313
0.04065167158842087
0.044169776141643524
0.04622131213545799
0.05382196605205536
0.04180758818984032
0.04492218419909477
0.045593857765197754
0.04392298683524132
0.043473273515701294
0.03686801344156265
0.057889532297849655
0.039962898939847946
0.042874984443187714
0.04290793463587761
0.04270198568701744
0.03989870473742485
0.040518879890441895
0.05699523910880089
0.04043213650584221
0.04167425259947777
0.04055548831820488
0.04392094910144806
0.04302648454904556
0.048713624477386475
0.050234805792570114
0.05078474432229996
0.04144991189241409
0.042791612446308136
0.041165150701999664
0.0435875728726387
0.04396497458219528
0.08061041682958603
0.047591812908649445
0.047942351549863815
0.044471677392721176
0.04073237627744675
0.049073487520217896
0.043593987822532654
0.04991099238395691
0.05485653877258301
0.04331306368112564
0.043457962572574615
0.04239296540617943
0.04469123110175133
0.04040084779262543
0.05225753411650658
0.03816496208310127
0.04036283865571022
0.038456209003925323
0.04506862908601761
0.0404987670481205
0.04221531003713608
0.06231575831770897
0.04724826663732529
0.045494914054870605
0.048767369240522385
0.041873328387737274
0.04261381924152374
0.049498628824949265
0.04754640907049179
0.04010142758488655
0.040710870176553726
0.04689617082476616
0.0416390523314476
0.04406918212771416
0.044275619089603424
0.055724456906318665
0.03908241540193558
0.042761992663145065
0.04502825438976288
0.042886629700660706
0.04067440703511238
0.039737872779369354
0.05228165537118912
0.041339628398418427
0.042691268026828766
0.04289412498474121
0.04323852062225342
0.04190879315137863
0.04086184874176979
0.06356631964445114
0.04140609875321388
0.03999476879835129
0.0427897572517395
0.0412733368575573
0.04170466586947441
0.04007747024297714
0.050410520285367966
0.039248112589120865
0.04520147666335106
0.04180692881345749
0.04725034162402153
0.03955545648932457
0.037049271166324615
0.0701199322938919
0.04025759547948837
0.04366501793265343
0.04261165112257004
0.039530590176582336
0.03955709934234619
0.0427643321454525
0.058010004460811615
0.042219873517751694
0.04068430885672569
0.039853740483522415
0.04837622866034508
0.03909866139292717
0.03916303813457489
0.06494756788015366
0.04027978330850601
0.03836505860090256
0.04459051787853241
0.039225317537784576
0.04104411602020264
0.043005116283893585
0.06559418141841888
0.0369064100086689
0.044107165187597275
0.04175779968500137
0.04215077683329582
0.039709337055683136
0.04031961411237717
0.047979678958654404
0.040736228227615356
0.03583523631095886
0.04142562299966812
0.03857015073299408
0.0429515615105629
0.043946411460638046
0.04903331398963928
0.03716495260596275
0.03960869461297989
0.04325546324253082
0.03824157640337944
0.03811859339475632
0.04366808384656906
0.055520907044410706
0.03766586631536484
0.04523863643407822
0.03934010863304138
0.04084773734211922
0.04075736179947853
0.035045452415943146
0.048904743045568466
0.04643061012029648
0.04386668652296066
0.04107300192117691
0.03923971205949783
0.03944407403469086
0.038481347262859344
0.04832391440868378
0.040627311915159225
0.036406271159648895
0.042043011635541916
0.04745028540492058
0.038188010454177856
0.03779758885502815
0.05249176546931267
0.04329351708292961
0.04428962990641594
0.04257472604513168
0.03848009556531906
0.039621006697416306
0.038728225976228714
0.04605626314878464
0.035646647214889526
0.038205284625291824
0.0377165712416172
0.03669719398021698
0.04302574694156647
0.041351769119501114
0.04937183856964111
0.037066586315631866
0.040503669530153275
0.0390484556555748
0.040218666195869446
0.03967517614364624
0.038716159760951996
0.04812277480959892
0.04121578484773636
0.04383989796042442
0.0382528081536293
0.03915904089808464
0.0431111715734005
0.03641018643975258
0.04416290670633316
0.03549283742904663
0.03642004728317261
0.03860520198941231
0.03875347971916199
0.04164019227027893
0.037144165486097336
0.06335538625717163
0.041810087859630585
0.04482327401638031
0.039171867072582245
0.038993895053863525
0.037822186946868896
0.04170527309179306
0.05130188912153244
0.03872351348400116
0.04097941517829895
0.04128346964716911
0.04084539785981178
0.03931098058819771
0.038410771638154984
0.05513541400432587
0.04139016196131706
0.03589320555329323
0.035368405282497406
0.037619028240442276
0.037211380898952484
0.04132577031850815
0.05074767395853996
0.03765435144305229
0.04137762635946274
0.03399638831615448
0.03753082826733589
0.037500906735658646
0.044718146324157715
0.04894609749317169
0.038884278386831284
0.03844178840517998
0.037623751908540726
0.037065502256155014
0.03573062643408775
0.037275686860084534
0.05143658071756363
0.0380830392241478
0.03639846667647362
0.03904179483652115
0.03486647456884384
0.03964973986148834
0.04580548405647278
0.06301167607307434
0.03787840157747269
0.03735693544149399
0.03970734775066376
0.03666394576430321
0.042247988283634186
0.039734434336423874
0.055830493569374084
0.036953359842300415
0.042310576885938644
0.037338897585868835
0.04149369150400162
0.036948345601558685
0.03705567866563797
0.04868648573756218
0.03571145609021187
0.04185738414525986
0.03368085250258446
0.03540662303566933
0.036999545991420746
0.040552038699388504
0.047316066920757294
0.03571447730064392
0.037363819777965546
0.0370391383767128
0.037725478410720825
0.03707292675971985
0.038405731320381165
0.044782429933547974
0.03779064118862152
0.038865890353918076
0.03877706825733185
0.036091700196266174
0.03667433559894562
0.03491158410906792
0.052952349185943604
0.03410762548446655
0.04076634347438812
0.03823969513177872
0.04089680314064026
0.03717809170484543
0.043399371206760406
0.05583137273788452
0.04160618409514427
0.03811987116932869
0.0341595895588398
0.03907456621527672
0.03842691704630852
0.039544906467199326
0.058586686849594116
0.03863302245736122
0.04213566705584526
0.03760930895805359
0.03681431710720062
0.03546185791492462
0.03732946142554283
0.05129634588956833
0.03660642355680466
0.036776795983314514
0.0378289557993412
0.04347194731235504
0.034681372344493866
0.0348748117685318
0.04870440810918808
0.041521988809108734
0.034203365445137024
0.03636955842375755
0.03522132337093353
0.04108811914920807
0.03673044964671135
0.05183286964893341
0.03919079154729843
0.03478449583053589
0.037339162081480026
0.03729798644781113
0.03746120631694794
0.036252710968256
0.06307680904865265
0.042659543454647064
0.03860611096024513
0.038128361105918884
0.03858479857444763
0.03678895905613899
0.04261421412229538
0.04394528269767761
0.0353735089302063
0.0426362007856369
0.0370146706700325
0.040868714451789856
0.04038376733660698
0.037852756679058075
0.050916656851768494
0.03418569266796112
0.03517630696296692
0.03841261938214302
0.03972785174846649
0.03974727541208267
0.03625641018152237
0.08608143031597137
0.03814350441098213
0.04015764221549034
0.037475891411304474
0.041437629610300064
0.03856823220849037
0.04035882279276848
0.05421501025557518
0.03688511252403259
0.043123647570610046
0.037691518664360046
0.037261247634887695
0.03506813198328018
0.03638697415590286
0.04490327835083008
0.03385141119360924
0.03711161017417908
0.034666210412979126
0.040128566324710846
0.04359086602926254
0.03802512586116791
0.04804221913218498
0.038938961923122406
0.03972290828824043
0.03681834042072296
0.03914278745651245
0.0370149090886116
0.03327469527721405
0.0486823134124279
0.035172976553440094
0.03717447817325592
0.03853233903646469
0.03772950544953346
0.03866012766957283
0.035610381513834
0.058830879628658295
0.03963826224207878
0.03848295658826828
0.04020575433969498
0.03735028952360153
0.04661539942026138
0.03335227817296982
0.059855036437511444
0.03882693499326706
0.03811122477054596
0.03966045379638672
0.04038899391889572
0.03541320934891701
0.036558106541633606
0.051368869841098785
0.03771655261516571
0.04104683920741081
0.03524446114897728
0.03794528916478157
0.03711889311671257
0.03597986698150635
0.045608531683683395
0.040083788335323334
0.03509404510259628
0.037025440484285355
0.03562900796532631
0.03444533795118332
0.037158966064453125
0.07224436104297638
0.04054668918251991
0.04152153432369232
0.03604414686560631
0.036347176879644394
0.03576820343732834
0.035277776420116425
0.04805266112089157
0.03591965511441231
0.03561914712190628
0.03896365687251091
0.034446991980075836
0.03600681573152542
0.03749288618564606
0.05276159569621086
0.04148133844137192
0.04003027081489563
0.036859169602394104
0.034179627895355225
0.036767102777957916
0.033863622695207596
0.04337362200021744
0.038006216287612915
0.03259202837944031
0.03567052632570267
0.03359904885292053
0.037848472595214844
0.03588934242725372
0.049220096319913864
0.03530248627066612
0.03567490726709366
0.037526264786720276
0.037471428513526917
0.03565160557627678
0.034131940454244614
0.04527035355567932
0.035093821585178375
0.0344720259308815
0.03534005582332611
0.03842295706272125
0.037808001041412354
0.0327477902173996
0.05384501442313194
0.03418966755270958
0.03685105964541435
0.03502073138952255
0.03404364734888077
0.03524341434240341
0.038856390863657
0.05591294914484024
0.03746137022972107
0.03618880361318588
0.04192327708005905
0.03614512085914612
0.04054851457476616
0.033596914261579514
0.04136199876666069
0.033801957964897156
0.03946559131145477
0.03276356682181358
0.03827459365129471
0.03431928902864456
0.03916775807738304
0.049800805747509
0.03800623118877411
0.04136798903346062
0.041300930082798004
0.03563673794269562
0.03341245651245117
0.03668808937072754
0.04672209545969963
0.035743437707424164
0.03591479733586311
0.034364067018032074
0.03674042224884033
0.0319233313202858
0.04065417870879173
0.0447746142745018
0.03657812625169754
0.03750588372349739
0.03515542671084404
0.03565395623445511
0.03518342226743698
0.035185713320970535
0.05029899999499321
0.03367777168750763
0.036630067974328995
0.0367693156003952
0.03346234932541847
0.03504399210214615
0.03826354444026947
0.04504885897040367
0.03231017291545868
0.03376743569970131
0.04079296439886093
0.035339564085006714
0.03586491197347641
0.03687375783920288
0.044462259858846664
0.03750848025083542
0.033321719616651535
0.039429232478141785
0.039873041212558746
0.03269249200820923
0.03324606269598007
0.044707976281642914
0.03253834694623947
0.03517662733793259
0.03448374941945076
0.037477824836969376
0.03634411096572876
0.03571280464529991
0.048328936100006104
0.03820888698101044
0.033985480666160583
0.03630205988883972
0.033782947808504105
0.03394915163516998
0.03542356938123703
0.0576353594660759
0.03780681639909744
0.04084869846701622
0.041951537132263184
0.0378459133207798
0.03524947911500931
0.03586346283555031
0.049300000071525574
0.036686331033706665
0.04107591509819031
0.037424974143505096
0.039521146565675735
0.03521617874503136
0.03697935864329338
0.03720107302069664
0.0355539470911026
0.04063132405281067
0.03275201469659805
0.03548283129930496
0.03069479577243328
0.03478386253118515
0.047654539346694946
0.03323138505220413
0.03421246260404587
0.03342404589056969
0.03823178634047508
0.03772035241127014
0.035723697394132614
0.04881399869918823
0.035815414041280746
0.035629093647003174
0.0368613563477993
0.0375654362142086
0.03282387554645538
0.032256174832582474
0.039479684084653854
0.03367464616894722
0.03382125124335289
0.032511331140995026
0.03233402967453003
0.03414805978536606
0.039809297770261765
0.05673479288816452
0.036611393094062805
0.0379156768321991
0.03838994354009628
0.03798511251807213
0.03470047190785408
0.03167136386036873
0.03991006687283516
0.033709365874528885
0.0369458869099617
0.03600902110338211
0.03914135694503784
0.03610913082957268
0.0318867452442646
0.0498332604765892
0.04493559151887894
0.032235972583293915
0.03437874838709831
0.039792511612176895
0.033312465995550156
0.03741420432925224
0.045788541436195374
0.03265228867530823
0.034148164093494415
0.032962616533041
0.038081094622612
0.033020634204149246
0.03381143882870674
0.05029796063899994
0.032808415591716766
0.03435514122247696
0.03460049256682396
0.03349299728870392
0.03071463666856289
0.0412662997841835
0.04992380738258362
0.03552059829235077
0.033746033906936646
0.031512580811977386
0.035975292325019836
0.03276372700929642
0.03547430783510208
0.06893603503704071
0.035527970641851425
0.034389421343803406
0.037268105894327164
0.03427716717123985
0.034619107842445374
0.03823348134756088
0.05299672484397888
0.033090319484472275
0.036004167050123215
0.03273417800664902
0.03640040010213852
0.03342589735984802
0.035642143338918686
0.0439571887254715
0.03618839383125305
0.0346100777387619
0.032542914152145386
0.03144676238298416
0.039097875356674194
0.03723444044589996
0.039087243378162384
0.03334492817521095
0.03319866955280304
0.03277181461453438
0.03342024236917496
0.032849282026290894
0.037318840622901917
0.04314646124839783
0.03149048611521721
0.03405394032597542
0.03270921856164932
0.03180110082030296
0.0368599072098732
0.03497123718261719
0.04508904367685318
0.03506781905889511
0.03520830720663071
0.0360407680273056
0.033578645437955856
0.031553931534290314
0.032595641911029816
0.05749237537384033
0.03984621912240982
0.03864279389381409
0.03471524268388748
0.03911152854561806
0.031057443469762802
0.0327870137989521
0.04165681451559067
0.034763772040605545
0.036767493933439255
0.03327042609453201
0.03272772952914238
0.03557123616337776
0.03612064942717552
0.06248422712087631
0.03496977314352989
0.03361697494983673
0.034919898957014084
0.03486383706331253
0.03384997323155403
0.034377746284008026
0.07258950173854828
0.04354385659098625
0.0391257219016552
0.03814798966050148
0.03570002317428589
0.03592396900057793
0.0366508811712265
0.042508210986852646
0.03790736198425293
0.03319977968931198
0.03262852504849434
0.0323566310107708
0.030732411891222
0.036695629358291626
0.038371846079826355
0.03269461914896965
0.03278962895274162
0.034788113087415695
0.03305215388536453
0.035656653344631195
0.031114712357521057
0.04361799359321594
0.030284229665994644
0.03287051245570183
0.03291685879230499
0.033108267933130264
0.03544577956199646
0.034076180309057236
0.045474328100681305
0.030851585790514946
0.03483491763472557
0.0383269377052784
0.03170008957386017
0.03293779864907265
0.030586322769522667
0.05052622780203819
0.03232091665267944
0.03505025431513786
0.03234323114156723
0.035779017955064774
0.03419914096593857
0.03466108441352844
0.04309229180216789
0.03122202306985855
0.03529089689254761
0.033773209899663925
0.03133142739534378
0.033323876559734344
0.033887650817632675
0.03637222573161125
0.03286498785018921
0.033655352890491486
0.033662937581539154
0.032666947692632675
0.030609969049692154
0.03219040855765343
0.043040283024311066
0.03335113823413849
0.0330413393676281
0.03525703027844429
0.03105880692601204
0.034158430993556976
0.033981192857027054
0.04195252060890198
0.030063945800065994
0.034430354833602905
0.032871875911951065
0.030955225229263306
0.040531013160943985
0.030305473133921623
0.04378613084554672
0.03666955977678299
0.033901363611221313
0.03188728913664818
0.03285422921180725
0.03141138702630997
0.03572084754705429
0.04221021384000778
0.03252117335796356
0.031552754342556
0.03605058044195175
0.030608920380473137
0.034195639193058014
0.03594870865345001
0.051307495683431625
0.03968115150928497
0.03870727866888046
0.0349084846675396
0.034584008157253265
0.032231591641902924
0.031441859900951385
0.05054078623652458
0.03562752157449722
0.03547854721546173
0.03173080086708069
0.035214707255363464
0.031230658292770386
0.03372890129685402
0.046952024102211
0.03685189038515091
0.03820871561765671
0.038098666816949844
0.03295835852622986
0.03352215886116028
0.03181713446974754
0.04392983019351959
0.033204223960638046
0.037896815687417984
0.032538797706365585
0.03268106281757355
0.031130775809288025
0.034161973744630814
0.047818057239055634
0.030512597411870956
0.03889939934015274
0.03353971242904663
0.031036872416734695
0.03491489589214325
0.030391018837690353
0.04536224901676178
0.033348001539707184
0.032404594123363495
0.03626203164458275
0.03131890669465065
0.033907338976860046
0.029330413788557053
0.047313250601291656
0.02823401801288128
0.0342770516872406
0.032564759254455566
0.03337477892637253
0.03357052803039551
0.03710946440696716
0.05171886086463928
0.03481632098555565
0.03440077230334282
0.038343608379364014
0.029659202322363853
0.033499620854854584
0.03737626224756241
0.04674066603183746
0.032681889832019806
0.03277914971113205
0.034239787608385086
0.03319286182522774
0.030759721994400024
0.03365805000066757
0.03727442026138306
0.03580261021852493
0.03380856290459633
0.02973245084285736
0.031459905207157135
0.03157663717865944
0.03737594932317734
0.04175513610243797
0.03138963133096695
0.031521737575531006
0.0330272801220417
0.031809642910957336
0.03085339069366455
0.03242643177509308
0.04594244062900543
0.03332185745239258
0.03299882262945175
0.03566795960068703
0.03589317947626114
0.03160428628325462
0.031243853271007538
0.04288779944181442
0.03320058435201645
0.03480198234319687
0.03280910477042198
0.033762406557798386
0.035313405096530914
0.03197186440229416
0.03577867150306702
0.03391221910715103
0.031368814408779144
0.033635612577199936
0.03335874527692795
0.03525210916996002
0.029455959796905518
0.047770194709300995
0.03259085863828659
0.030866332352161407
0.034978125244379044
0.03205946087837219
0.03533462435007095
0.03318605571985245
0.04224645346403122
0.03170982748270035
0.031934089958667755
0.032656244933605194
0.03828698396682739
0.033921681344509125
0.03365897387266159
0.05167102441191673
0.03608230501413345
0.033196017146110535
0.033606432378292084
0.03409075736999512
0.029681548476219177
0.03458928316831589
0.03998011350631714
0.03347742184996605
0.02881319634616375
0.030532117933034897
0.03575720638036728
0.03265761956572533
0.029498949646949768
0.03951837867498398
0.030853085219860077
0.032538414001464844
0.03427444025874138
0.03252236545085907
0.03139264136552811
0.031034192070364952
0.03578959032893181
0.031939346343278885
0.031377606093883514
0.030615029856562614
0.030802272260189056
0.031825654208660126
0.03356955945491791
0.04888123273849487
0.039863090962171555
0.033548753708601
0.031709786504507065
0.03189316764473915
0.036239415407180786
0.03396359458565712
0.04031835496425629
0.03421834856271744
0.032082200050354004
0.03613763302564621
0.03194993734359741
0.0322856530547142
0.02915508858859539
0.042762767523527145
0.03202943131327629
0.037650443613529205
0.03626534715294838
0.04007264971733093
0.03249666094779968
0.0300900936126709
0.04090190678834915
0.02888350747525692
0.03241761773824692
0.03528545796871185
0.03373841196298599
0.0322391614317894
0.03403284028172493
0.04652824625372887
0.03386247158050537
0.03062734380364418
0.031025750562548637
0.03341742977499962
0.03476608544588089
0.03045257180929184
0.05084196478128433
0.027849292382597923
0.033551350235939026
0.032790400087833405
0.03583092242479324
0.032080840319395065
0.0328390896320343
0.055767059326171875
0.03525867685675621
0.034723516553640366
0.036933783441782
0.034546464681625366
0.029539598152041435
0.03017958253622055
0.050103023648262024
0.034018851816654205
0.03157287463545799
0.032742638140916824
0.03174826502799988
0.03320946544408798
0.03587593138217926
0.03495611995458603
0.031332626938819885
0.03254423663020134
0.03162902593612671
0.03238390386104584
0.0332469716668129
0.03066021203994751
0.05080282315611839
0.03357522189617157
0.035608381032943726
0.032734017819166183
0.0358085110783577
0.030803000554442406
0.035324349999427795
0.05054853856563568
0.0346565917134285
0.03525453805923462
0.03209545835852623
0.03221563994884491
0.0309419184923172
0.035571109503507614
0.04562142491340637
0.032219577580690384
0.03441779315471649
0.033349599689245224
0.03190147876739502
0.035238511860370636
0.03374972194433212
0.047796815633773804
0.033719055354595184
0.03554750606417656
0.029793784022331238
0.03345583751797676
0.032754115760326385
0.030567100271582603
0.0504407063126564
0.03375524654984474
0.03172169625759125
0.034708160907030106
0.03384999930858612
0.03357324004173279
0.03293652832508087
0.05198486149311066
0.04055887460708618
0.032741475850343704
0.036096710711717606
0.02971954271197319
0.03392105549573898
0.03229018300771713
0.03806287422776222
0.035851605236530304
0.031105075031518936
0.03389659523963928
0.03239215910434723
0.03032733127474785
0.03081224486231804
0.04786931723356247
0.031092289835214615
0.032315634191036224
0.03349200636148453
0.035439927130937576
0.03151059150695801
0.030946670100092888
0.038661520928144455
0.033405035734176636
0.03141605108976364
0.03180238604545593
0.032183438539505005
0.0329534113407135
0.03223210573196411
0.0430128239095211
0.03011215105652809
0.03189032897353172
0.02996121346950531
0.03262179717421532
0.03040258400142193
0.03143364191055298
0.0775701180100441
0.03579902648925781
0.04382229968905449
0.0358719676733017
0.0340728722512722
0.03588233143091202
0.03625045716762543
0.03932805359363556
0.035956550389528275
0.036532144993543625
0.03002927079796791
0.031654417514801025
0.032739557325839996
0.03379080072045326
0.04076189920306206
0.03499383106827736
0.03162294253706932
0.031585611402988434
0.03267462179064751
0.03044375404715538
0.03344111889600754
0.04084125906229019
0.029517685994505882
0.03085269033908844
0.03213630989193916
0.032221294939517975
0.031708382070064545
0.033364489674568176
0.050869740545749664
0.030891431495547295
0.030160462483763695
0.03797810152173042
0.03659439459443092
0.03350329399108887
0.031134769320487976
0.04450445622205734
0.03313416242599487
0.03459765762090683
0.031412333250045776
0.033601921051740646
0.030602388083934784
0.029088594019412994
0.04815949127078056
0.028916604816913605
0.03146164119243622
0.030204899609088898
0.03491223603487015
0.030662529170513153
0.029230860993266106
0.05111496150493622
0.03255486860871315
0.03401932120323181
0.02842453494668007
0.03188939020037651
0.033722952008247375
0.03009951487183571
0.04761409014463425
0.028444208204746246
0.03235074505209923
0.030863238498568535
0.03557373583316803
0.03413553535938263
0.032434478402137756
0.05242503806948662
0.03420295938849449
0.032628051936626434
0.033337220549583435
0.0300896055996418
0.03346003592014313
0.03291459009051323
0.04080895707011223
0.03248897194862366
0.03351361304521561
0.03443572297692299
0.030573075637221336
0.032918043434619904
0.030899208039045334
0.04746800661087036
0.031468216329813004
0.032966382801532745
0.033028487116098404
0.032044462859630585
0.029222218319773674
0.03262379765510559
0.03569401055574417
0.03406454250216484
0.02953512966632843
0.03526538982987404
0.029240576550364494
0.029931670054793358
0.029663410037755966
0.03236808627843857
0.026510579511523247
0.03342040628194809
0.02964460849761963
0.034198690205812454
0.03120536357164383
0.02819475159049034
0.03711427003145218
0.03035871684551239
0.027961477637290955
0.034275803714990616
0.030681971460580826
0.03224194049835205
0.029667487367987633
0.05712389200925827
0.030931061133742332
0.03630538284778595
0.03353465348482132
0.035172268748283386
0.03173140808939934
0.030872073024511337
0.05309111624956131
0.03551037609577179
0.03573403134942055
0.03134068101644516
0.031567636877298355
0.02928556129336357
0.03026091679930687
0.05249403417110443
0.03810397908091545
0.03486894816160202
0.03126009553670883
0.030657440423965454
0.033316899091005325
0.03210482746362686
0.039593406021595
0.03018740937113762
0.033359989523887634
0.029672984033823013
0.032273851335048676
0.034509290009737015
0.032038670033216476
0.04345167428255081
0.03198032081127167
0.029024576768279076
0.030889693647623062
0.030293866991996765
0.032297901809215546
0.03122752532362938
0.037563130259513855
0.030781134963035583
0.03006124123930931
0.032528236508369446
0.030756613239645958
0.030081352218985558
0.030828207731246948
0.045435529202222824
0.0294329971075058
0.02939506620168686
0.031378526240587234
0.028696279972791672
0.030466711148619652
0.033072467893362045
0.04546741768717766
0.029217472299933434
0.030737146735191345
0.03374163433909416
0.03032996878027916
0.031915333122015
0.03306036442518234
0.033974193036556244
0.029930122196674347
0.031150100752711296
0.028430666774511337
0.029674183577299118
0.030180759727954865
0.030956648290157318
0.03726276010274887
0.03210563212633133
0.028582267463207245
0.031199991703033447
0.03087160363793373
0.031614162027835846
0.030484234914183617
0.040780194103717804
0.03154154121875763
0.03081359528005123
0.03115769289433956
0.03194139525294304
0.030255991965532303
0.02937675639986992
0.05106418579816818
0.0358346663415432
0.03274872153997421
0.03083743527531624
0.029975835233926773
0.02824546955525875
0.035915862768888474
0.040852732956409454
0.028835266828536987
0.02981516532599926
0.028788557276129723
0.03499588370323181
0.030531618744134903
0.03438780456781387
0.05086185783147812
0.035905368626117706
0.032564666122198105
0.03154918923974037
0.03290247917175293
0.031641069799661636
0.030256003141403198
0.032606080174446106
0.030670952051877975
0.029735123738646507
0.031246494501829147
0.03380913287401199
0.030033132061362267
0.030794156715273857
0.04029690474271774
0.02842400223016739
0.02941778115928173
0.03099723532795906
0.030816540122032166
0.02981804870069027
0.02880655974149704
0.045835912227630615
0.028660928830504417
0.02863844484090805
0.032442234456539154
0.027615835890173912
0.030830755829811096
0.03346318006515503
0.04005290940403938
0.029663745313882828
0.028668679296970367
0.030634872615337372
0.02906843088567257
0.029902009293437004
0.028249744325876236
0.038105133920907974
0.028056014329195023
0.02857791632413864
0.03098532184958458
0.02879015915095806
0.030719246715307236
0.030081618577241898
0.038734979927539825
0.03394635021686554
0.03344663232564926
0.027702413499355316
0.027689583599567413
0.02929157391190529
0.03043830394744873
0.03639093041419983
0.030020806938409805
0.02883724868297577
0.028259268030524254
0.03051324002444744
0.029837194830179214
0.03192386403679848
0.040516313165426254
0.029188571497797966
0.029359815642237663
0.029673529788851738
0.029000049456954002
0.029284177348017693
0.029214410111308098
0.04049089550971985
0.02935347519814968
0.0299199428409338
0.03177984058856964
0.02934686653316021
0.029728040099143982
0.02871214970946312
0.041160084307193756
0.02707347646355629
0.03195786103606224
0.03003251925110817
0.029963180422782898
0.03052295558154583
0.02910921722650528
0.03908197954297066
0.031577736139297485
0.0307021364569664
0.027489367872476578
0.02939346246421337
0.030773553997278214
0.03337175399065018
0.03401171788573265
0.03160104528069496
0.031758300960063934
0.02975679561495781
0.02808232605457306
0.02930578589439392
0.029796302318572998
0.047711387276649475
0.029775066301226616
0.031625375151634216
0.028271466493606567
0.032672036439180374
0.03235926851630211
0.03544379025697708
0.0337221622467041
0.02937593311071396
0.028862399980425835
0.030495017766952515
0.026499658823013306
0.033149801194667816
0.030819766223430634
0.048811446875333786
0.03310109302401543
0.029986869543790817
0.028538398444652557
0.029981931671500206
0.03172101825475693
0.03326544538140297
0.04411156475543976
0.028975211083889008
0.028739556670188904
0.0336611345410347
0.03217809647321701
0.02953432872891426
0.031747106462717056
0.03900686278939247
0.028645997866988182
0.02849627286195755
0.028705358505249023
0.03115222230553627
0.030275050550699234
0.029846644029021263
0.04791013523936272
0.03125347942113876
0.03214234858751297
0.030555926263332367
0.027329422533512115
0.029648786410689354
0.027258802205324173
0.03700735419988632
0.029784223064780235
0.03028222545981407
0.03087635152041912
0.028913123533129692
0.03088388964533806
0.026718471199274063
0.048671022057533264
0.03191910311579704
0.02927299216389656
0.029816731810569763
0.031385619193315506
0.02669694274663925
0.030578872188925743
0.03918052464723587
0.028835054486989975
0.029582306742668152
0.028615646064281464
0.02954062633216381
0.030522335320711136
0.029091892763972282
0.04150206223130226
0.031002439558506012
0.030016962438821793
0.030359331518411636
0.031502336263656616
0.027808833867311478
0.02829119563102722
0.03314920514822006
0.02783202938735485
0.0275373887270689
0.030344299972057343
0.0307206641882658
0.030284184962511063
0.029294652864336967
0.04258633777499199
0.027259420603513718
0.03216050937771797
0.029177872464060783
0.028584672138094902
0.03130577504634857
0.02864205837249756
0.045593660324811935
0.03093341737985611
0.03130938112735748
0.03009658120572567
0.027343135327100754
0.030167803168296814
0.029842697083950043
0.04413469135761261
0.03618483617901802
0.0321328267455101
0.033450230956077576
0.02844633162021637
0.026940686628222466
0.027839994058012962
0.052109669893980026
0.034240446984767914
0.03412303328514099
0.029873033985495567
0.032353103160858154
0.032190948724746704
0.03114926815032959
0.039511825889348984
0.02906077913939953
0.029744062572717667
0.03425366058945656
0.03226613998413086
0.029447700828313828
0.03273681551218033
0.03806657716631889
0.02969425916671753
0.02830587700009346
0.030604518949985504
0.029745109379291534
0.0294017530977726
0.029876504093408585
0.04230543598532677
0.02804936096072197
0.0283726304769516
0.031090915203094482
0.027205368503928185
0.03283340483903885
0.03103511780500412
0.046210821717977524
0.03071456030011177
0.032414138317108154
0.033707864582538605
0.031381309032440186
0.027658117935061455
0.028562691062688828
0.042437583208084106
0.030003121122717857
0.03230700269341469
0.030771074816584587
0.02848360314965248
0.028712064027786255
0.03546635061502457
0.0462864451110363
0.027533365413546562
0.028365779668092728
0.03363250195980072
0.030823690816760063
0.029382577165961266
0.030656851828098297
0.04792698472738266
0.02896292880177498
0.031094646081328392
0.0317634753882885
0.028721876442432404
0.029883310198783875
0.028625160455703735
0.03427314758300781
0.029750201851129532
0.029427379369735718
0.03086051344871521
0.02915477380156517
0.032994747161865234
0.03189627081155777
0.033625099807977676
0.02986392192542553
0.02908206544816494
0.02835208550095558
0.026943136006593704
0.026900915428996086
0.03171202540397644
0.0398905947804451
0.02990126609802246
0.02953057549893856
0.029969630762934685
0.0283315759152174
0.03275856748223305
0.027055080980062485
0.03033299371600151
0.0271572545170784
0.027799850329756737
0.02720682881772518
0.033833496272563934
0.029047196730971336
0.029251035302877426
0.037124305963516235
0.03185334801673889
0.030042510479688644
0.03143222630023956
0.02863403968513012
0.02828136645257473
0.02797400765120983
0.04012761265039444
0.03484673798084259
0.02664065733551979
0.029109328985214233
0.029406487941741943
0.029257506132125854
0.028878111392259598
0.04118351265788078
0.027055509388446808
0.03015424683690071
0.027407903224229813
0.03318586200475693
0.028194699436426163
0.029941020533442497
0.03407783433794975
0.025941377505660057
0.029047159478068352
0.02908272296190262
0.030389923602342606
0.03173108398914337
0.031521763652563095
0.041906096041202545
0.03464695066213608
0.03151725232601166
0.032530203461647034
0.026934251189231873
0.03190631419420242
0.02823485992848873
0.04199190437793732
0.03000606968998909
0.028217889368534088
0.027530714869499207
0.030535269528627396
0.026914067566394806
0.02947055548429489
0.03702603653073311
0.028681177645921707
0.02985326200723648
0.02928902767598629
0.026328666135668755
0.02865949273109436
0.028566662222146988
0.0395137220621109
0.030103003606200218
0.029240649193525314
0.028597388416528702
0.028776956722140312
0.02589389495551586
0.02946014702320099
0.04653721675276756
0.027601581066846848
0.03011246584355831
0.02930394560098648
0.029372602701187134
0.030463678762316704
0.030318036675453186
0.05259683355689049
0.030813299119472504
0.029943427070975304
0.030185528099536896
0.030087623745203018
0.027723155915737152
0.029624607414007187
0.06425613164901733
0.0333048515021801
0.03238051384687424
0.036017321050167084
0.03141007944941521
0.03068431094288826
0.03331504017114639
0.0399538055062294
0.027088962495326996
0.02981097809970379
0.028252046555280685
0.03393377363681793
0.032850805670022964
0.02874881587922573
0.032857589423656464
0.027317825704813004
0.02842927724123001
0.028200026601552963
0.02868146076798439
0.028175506740808487
0.03089335560798645
0.041651368141174316
0.029295794665813446
0.0280192531645298
0.029700949788093567
0.02757805958390236
0.029155714437365532
0.029834767803549767
0.03997853398323059
0.02698267251253128
0.033032335340976715
0.02974301390349865
0.03033309057354927
0.026517696678638458
0.027210531756281853
0.0646534115076065
0.0331202857196331
0.029976986348628998
0.033482715487480164
0.03252153471112251
0.029216062277555466
0.027767939493060112
0.04676273092627525
0.03194201737642288
0.03393980488181114
0.02643756940960884
0.03061206266283989
0.028884511440992355
0.030263729393482208
0.038573022931814194
0.030004456639289856
0.02804115042090416
0.02958187274634838
0.02759603224694729
0.030737847089767456
0.02760963886976242
0.055663567036390305
0.029754308983683586
0.030363716185092926
0.030240600928664207
0.03143758326768875
0.027954792603850365
0.03047953173518181
0.05061971768736839
0.02984306775033474
0.027022041380405426
0.029883798211812973
0.029892731457948685
0.03577834740281105
0.02922353893518448
0.04000941663980484
0.02950507029891014
0.02724820002913475
0.03164931386709213
0.02856048196554184
0.028779640793800354
0.028556447476148605
0.03557368367910385
0.0273069329559803
0.028727008029818535
0.03081466071307659
0.028273088857531548
0.028571218252182007
0.03013969212770462
0.03509407490491867
0.02865724079310894
0.0283884909003973
0.02985062450170517
0.027669720351696014
0.027996188029646873
0.027658037841320038
0.03660525381565094
0.02890026941895485
0.029588505625724792
0.03177328780293465
0.02888886258006096
0.026169953867793083
0.02767365239560604
0.03561444580554962
0.027614980936050415
0.026689773425459862
0.027447223663330078
0.025726821273565292
0.031032681465148926
0.03265758976340294
0.04802590608596802
0.027214162051677704
0.02942269667983055
0.030461836606264114
0.027991188690066338
0.028199506923556328
0.02788277342915535
0.03676114231348038
0.026914700865745544
0.026286570355296135
0.030813854187726974
0.02663111500442028
0.031607735902071
0.030644915997982025
0.034705307334661484
0.030039578676223755
0.02796674147248268
0.02901836484670639
0.02836182340979576
0.029220644384622574
0.027071647346019745
0.03756365925073624
0.026911091059446335
0.029309116303920746
0.03090132772922516
0.0280039943754673
0.02593063935637474
0.02849728986620903
0.036833256483078
0.029024310410022736
0.027971848845481873
0.026831356808543205
0.028012309223413467
0.028683867305517197
0.02957877889275551
0.033113639801740646
0.027350205928087234
0.029306281358003616
0.02648990973830223
0.027597954496741295
0.027277909219264984
0.028173871338367462
0.03585280850529671
0.029267624020576477
0.0267683994024992
0.027909448370337486
0.029064904898405075
0.026957493275403976
0.0256224162876606
0.056204654276371
0.02888917550444603
0.033342331647872925
0.027980675920844078
0.02926481142640114
0.03008083999156952
0.031120626255869865
0.03845389559864998
0.027210792526602745
0.03310802951455116
0.030146554112434387
0.03149085491895676
0.028477143496274948
0.027391761541366577
0.05561603605747223
0.03147095814347267
0.031317196786403656
0.03521104156970978
0.030909260734915733
0.030447496101260185
0.029100917279720306
0.035567641258239746
0.028044041246175766
0.02732352539896965
0.030014632269740105
0.027273081243038177
0.02906499058008194
0.03176159784197807
0.03283502534031868
0.03005695343017578
0.02942129597067833
0.026709994301199913
0.024510106071829796
0.03111056052148342
0.029342113062739372
0.04397844895720482
0.026172777637839317
0.03256409242749214
0.02843170426785946
0.03159920126199722
0.026556430384516716
0.029672905802726746
0.0456572026014328
0.027806393802165985
0.028938502073287964
0.028469529002904892
0.02987459860742092
0.028696291148662567
0.028364483267068863
0.030889561399817467
0.03043370507657528
0.026227600872516632
0.026475561782717705
0.02593342214822769
0.033254530280828476
0.030009521171450615
0.03327663242816925
0.02866355888545513
0.030204996466636658
0.02878313884139061
0.025882411748170853
0.028101978823542595
0.024563316255807877
0.04103713482618332
0.02848738059401512
0.028563586995005608
0.02788468264043331
0.027007300406694412
0.02733296900987625
0.026638474315404892
0.0462934784591198
0.026237644255161285
0.030728407204151154
0.029911141842603683
0.02876853011548519
0.02869996428489685
0.02889891527593136
0.04221354424953461
0.02719607949256897
0.028043724596500397
0.02769024297595024
0.02871680073440075
0.026317304000258446
0.030369829386472702
0.03853147476911545
0.02883283421397209
0.0265791118144989
0.02840391919016838
0.025296032428741455
0.02917354367673397
0.028280340135097504
0.044488754123449326
0.027742166072130203
0.026605693623423576
0.026469482108950615
0.02959674596786499
0.03139186650514603
0.029016776010394096
0.04521605372428894
0.03250640258193016
0.028603721410036087
0.0288102850317955
0.027585308998823166
0.028120247647166252
0.025736302137374878
0.0388139933347702
0.031891509890556335
0.02666763961315155
0.027418529614806175
0.03126446157693863
0.02981143817305565
0.02722824178636074
0.04311126470565796
0.025461580604314804
0.02876114845275879
0.03175792098045349
0.02829711139202118
0.02855244278907776
0.026031283661723137
0.050932299345731735
0.03412006050348282
0.030282188206911087
0.030162259936332703
0.02666720375418663
0.026219366118311882
0.030412107706069946
0.03655600547790527
0.02679290995001793
0.02764037251472473
0.026766560971736908
0.030019313097000122
0.029340391978621483
0.02797636203467846
0.04283889755606651
0.02981056272983551
0.02701074630022049
0.026470361277461052
0.02732245624065399
0.03016931563615799
0.0266297347843647
0.03949972987174988
0.02792874351143837
0.02650289610028267
0.03031153976917267
0.027315501123666763
0.027911700308322906
0.028412502259016037
0.03859768807888031
0.02607637457549572
0.027531389147043228
0.029941421002149582
0.026203114539384842
0.026178671047091484
0.02525859884917736
0.031772345304489136
0.02764125168323517
0.028418032452464104
0.02746932953596115
0.02639521285891533
0.02659468911588192
0.024347525089979172
0.06611108034849167
0.0314587838947773
0.03248924762010574
0.03376823663711548
0.032304584980010986
0.031380731612443924
0.027638744562864304
0.0420890711247921
0.032165780663490295
0.03172222524881363
0.02694164216518402
0.02950442209839821
0.02750258520245552
0.0271683968603611
0.03994251415133476
0.027974501252174377
0.02592652291059494
0.02862672135233879
0.026352647691965103
0.030194668099284172
0.025498058646917343
0.06375390291213989
0.031098488718271255
0.03202718496322632
0.03384154289960861
0.03063398227095604
0.030738327652215958
0.027789533138275146
0.036976516246795654
0.031106283888220787
0.028888298198580742
0.02759474329650402
0.0279795303940773
0.028959225863218307
0.02741876244544983
0.03208601474761963
0.027365248650312424
0.028652481734752655
0.02760717086493969
0.02570982277393341
0.02925245091319084
0.029189689084887505
0.044614702463150024
0.027596158906817436
0.0308094322681427
0.03131239116191864
0.02681051939725876
0.028852760791778564
0.027510834857821465
0.033297423273324966
0.03524606674909592
0.029761694371700287
0.02887794002890587
0.029073316603899002
0.02553081326186657
0.02628435008227825
0.03930778056383133
0.029101300984621048
0.028011657297611237
0.028731293976306915
0.03214191645383835
0.025976646691560745
0.029952459037303925
0.0343741774559021
0.026732314378023148
0.030753105878829956
0.027415333315730095
0.030285989865660667
0.028550773859024048
0.025230873376131058
0.037164971232414246
0.02634783461689949
0.029015732929110527
0.0270138680934906
0.02775127999484539
0.025984667241573334
0.028645671904087067
0.0454503558576107
0.027517808601260185
0.029518336057662964
0.028380533680319786
0.026180405169725418
0.02975829690694809
0.030513014644384384
0.03038816526532173
0.024829015135765076
0.030770927667617798
0.028920171782374382
0.02739841490983963
0.026090726256370544
0.02698454074561596
0.056634098291397095
0.029351327568292618
0.027634164318442345
0.03414801508188248
0.027976766228675842
0.029415879398584366
0.0267123281955719
0.04126947745680809
0.028604907914996147
0.027276789769530296
0.03004985675215721
0.025632593780755997
0.02941008470952511
0.0278547964990139
0.03770217299461365
0.0275938268750906
0.027168769389390945
0.02720934897661209
0.030707523226737976
0.027834516018629074
0.026255570352077484
0.037167470902204514
0.029872221872210503
0.029010236263275146
0.02734614536166191
0.026417363435029984
0.025387948378920555
0.026998959481716156
0.03465862572193146
0.026064252480864525
0.02644476108253002
0.02978682518005371
0.028337128460407257
0.025609305128455162
0.0263080894947052
0.03935076296329498
0.025636475533246994
0.027457913383841515
0.03210575133562088
0.028780527412891388
0.028694704174995422
0.0264517143368721
0.0301375649869442
0.028274215757846832
0.026218146085739136
0.027078375220298767
0.02523856982588768
0.029611660167574883
0.02452809363603592
0.032077789306640625
0.027004051953554153
0.025436153635382652
0.028118405491113663
0.024495547637343407
0.028614375740289688
0.02653057500720024
0.034969788044691086
0.027324644848704338
0.02784877084195614
0.02659463696181774
0.027329787611961365
0.02480369620025158
0.028256084769964218
0.03663722425699234
0.028264503926038742
0.02730601653456688
0.027771173045039177
0.027380455285310745
0.029612375423312187
0.02852752059698105
0.04615583270788193
0.03104334883391857
0.026943489909172058
0.027987457811832428
0.029194209724664688
0.02777787670493126
0.027774561196565628
0.040912725031375885
0.026333238929510117
0.029420237988233566
0.0320514515042305
0.03132161498069763
0.027041591703891754
0.026719793677330017
0.03692727908492088
0.025354329496622086
0.029587604105472565
0.02778002992272377
0.031208351254463196
0.027459409087896347
0.027523545548319817
0.029687104746699333
0.024065932258963585
0.027550196275115013
0.026534609496593475
0.032688356935977936
0.02626422792673111
0.026132266968488693
0.03420183062553406
0.026553576812148094
0.025620220229029655
0.027384787797927856
0.02560430020093918
0.027697330340743065
0.02815154567360878
0.04568912833929062
0.027341177687048912
0.027307650074362755
0.02913704141974449
0.027764473110437393
0.02725532278418541
0.027124537155032158
0.04602707922458649
0.028722092509269714
0.02502429485321045
0.028939295560121536
0.0286974236369133
0.02967119589447975
0.02853325381875038
0.042131777852773666
0.027135327458381653
0.030459396541118622
0.02873971126973629
0.028053246438503265
0.02568182907998562
0.028459403663873672
0.04870663210749626
0.02812321111559868
0.028532076627016068
0.02556147426366806
0.028486808761954308
0.027774441987276077
0.02955620363354683
0.0335162878036499
0.027900658547878265
0.02449794113636017
0.026438159868121147
0.02695930004119873
0.028365574777126312
0.02802850678563118
0.03788033500313759
0.027400825172662735
0.027340581640601158
0.025365598499774933
0.025942549109458923
0.024548325687646866
0.030122434720396996
0.04771774634718895
0.028588000684976578
0.028336552903056145
0.03172020614147186
0.02686018869280815
0.026918910443782806
0.02450564131140709
0.03881358727812767
0.027038734406232834
0.029383420944213867
0.028088411316275597
0.025508522987365723
0.02852356992661953
0.024988770484924316
0.03986336663365364
0.02690756693482399
0.028617365285754204
0.030437691137194633
0.02694813162088394
0.024445082992315292
0.028535965830087662
0.03338213264942169
0.028056994080543518
0.027374988421797752
0.02664535492658615
0.028845563530921936
0.027440940961241722
0.02433627098798752
0.0434800460934639
0.029608748853206635
0.027074862271547318
0.026941977441310883
0.0269213505089283
0.02427847310900688
0.02810370735824108
0.037675730884075165
0.025196831673383713
0.024503950029611588
0.029946811497211456
0.02501273714005947
0.02684791386127472
0.028697993606328964
0.029809055849909782
0.026027722284197807
0.025479525327682495
0.028101909905672073
0.027107609435915947
0.026632174849510193
0.03103703074157238
0.035366080701351166
0.026001907885074615
0.02565578930079937
0.02919195592403412
0.02856162004172802
0.02742648683488369
0.025758100673556328
0.041459232568740845
0.02897016517817974
0.025363562628626823
0.02630706876516342
0.026997199282050133
0.027992403134703636
0.028404762968420982
0.03618746995925903
0.027000516653060913
0.029006022959947586
0.025967072695493698
0.02942962944507599
0.027970043942332268
0.025313206017017365
0.030739210546016693
0.02697785757482052
0.02781745418906212
0.027002662420272827
0.026010414585471153
0.026334069669246674
0.026689723134040833
0.036876581609249115
0.0255979485809803
0.029090311378240585
0.026202790439128876
0.02696768194437027
0.025377336889505386
0.030016273260116577
0.037078697234392166
0.025223439559340477
0.02990851365029812
0.02614602819085121
0.02840682677924633
0.025656186044216156
0.02648591622710228
0.03586573898792267
0.026687253266572952
0.0295461043715477
0.024705849587917328
0.02730434387922287
0.024936646223068237
0.02593478187918663
0.04277367144823074
0.02519449219107628
0.02409537509083748
0.02707255259156227
0.027737688273191452
0.029610805213451385
0.026501916348934174
0.038998328149318695
0.02584206871688366
0.027182046324014664
0.027891967445611954
0.027947019785642624
0.02687009982764721
0.028889823704957962
0.03396136313676834
0.02671290747821331
0.026528088375926018
0.0302397720515728
0.026047304272651672
0.02572619915008545
0.028109487146139145
0.038373932242393494
0.028099043294787407
0.0317007377743721
0.025847872719168663
0.02782723307609558
0.0242607519030571
0.026316050440073013
0.03405361622571945
0.024193555116653442
0.029434626922011375
0.025352543219923973
0.02833724021911621
0.02828219346702099
0.023958884179592133
0.037772152572870255
0.026897970587015152
0.029917806386947632
0.025884263217449188
0.026247162371873856
0.029582737013697624
0.025028100237250328
0.04594913125038147
0.027020223438739777
0.026395006105303764
0.030391041189432144
0.025861989706754684
0.02782757207751274
0.02658991888165474
0.047024935483932495
0.028315026313066483
0.027327746152877808
0.02887379191815853
0.02595682442188263
0.028020888566970825
0.02777441218495369
0.02941315993666649
0.02698798105120659
0.026378370821475983
0.028656449168920517
0.026554744690656662
0.02501332014799118
0.027657315135002136
0.0397547148168087
0.0271604061126709
0.028074927628040314
0.024052349850535393
0.026444561779499054
0.030136339366436005
0.02605324797332287
0.045657142996788025
0.027315784245729446
0.026612140238285065
0.03234254941344261
0.027094712480902672
0.027104822918772697
0.027270538732409477
0.04474600404500961
0.02642872743308544
0.029635151848196983
0.02798214554786682
0.02447541058063507
0.0267538633197546
0.026972252875566483
0.05363495275378227
0.02978120744228363
0.02749057486653328
0.033320847898721695
0.027500076219439507
0.030313298106193542
0.02736118994653225
0.031942155212163925
0.027337482199072838
0.025753986090421677
0.026170603930950165
0.026309533044695854
0.0325869545340538
0.02593621425330639
0.04500458762049675
0.02785234898328781
0.026998918503522873
0.029944097623229027
0.025101248174905777
0.02837326005101204
0.025736648589372635
0.03245791047811508
0.027438923716545105
0.024948468431830406
0.027495002374053
0.026730399578809738
0.025546014308929443
0.025919659063220024
0.036447882652282715
0.029599545523524284
0.026492375880479813
0.02722037583589554
0.02367403358221054
0.026460032910108566
0.025066658854484558
0.03493732586503029
0.02649238519370556
0.03149893879890442
0.025910764932632446
0.02580951899290085
0.023956701159477234
0.02487552911043167
0.05579186603426933
0.029186276718974113
0.027366874739527702
0.02784063294529915
0.034040484577417374
0.02887604385614395
0.02744181454181671
0.036071598529815674
0.027101732790470123
0.028477057814598083
0.025981543585658073
0.026497621089220047
0.024242587387561798
0.032079361379146576
0.041234567761421204
0.028190478682518005
0.026809563860297203
0.025226004421710968
0.028584575280547142
0.026630155742168427
0.028456244617700577
0.030919786542654037
0.024521633982658386
0.025792762637138367
0.026398181915283203
0.025342872366309166
0.026197712868452072
0.03219952434301376
0.030296042561531067
0.024566954001784325
0.025148142129182816
0.028688086196780205
0.028136594220995903
0.027086220681667328
0.02619657665491104
0.03642093390226364
0.02710556611418724
0.024441203102469444
0.025397485122084618
0.02726692706346512
0.026236817240715027
0.02634558454155922
0.0411052331328392
0.026031142100691795
0.026674211025238037
0.025307603180408478
0.02708379738032818
0.025336187332868576
0.028294675052165985
0.03990159556269646
0.026177695021033287
0.027772758156061172
0.02675766870379448
0.028433319181203842
0.024960411712527275
0.024821681901812553
0.03966237232089043
0.027423668652772903
0.025490041822195053
0.029967516660690308
0.02827814593911171
0.02509330026805401
0.02739337831735611
0.03914730250835419
0.02805066667497158
0.025118228048086166
0.02555091306567192
0.02727416157722473
0.026485590264201164
0.026228949427604675
0.034804463386535645
0.027358226478099823
0.026378914713859558
0.025527477264404297
0.024907566606998444
0.026140481233596802
0.025222625583410263
0.0360923707485199
0.023976534605026245
0.027661999687552452
0.02450575679540634
0.02668207883834839
0.025862444192171097
0.027530236169695854
0.04067850857973099
0.027453113347291946
0.026016216725111008
0.026724733412265778
0.026572374626994133
0.025818396359682083
0.02758108079433441
0.03464197739958763
0.02847449854016304
0.02592998370528221
0.02727579139173031
0.02539459988474846
0.026133432984352112
0.024526529014110565
0.0335984081029892
0.023918423801660538
0.029068931937217712
0.025979623198509216
0.024365082383155823
0.02823818102478981
0.02461080625653267
0.03467744588851929
0.026557106524705887
0.025928249582648277
0.027971472591161728
0.0246137585490942
0.028109271079301834
0.026414982974529266
0.03343912959098816
0.02815292403101921
0.025219716131687164
0.026499396190047264
0.027064619585871696
0.02629038318991661
0.02354036644101143
0.03682997450232506
0.0239038597792387
0.029108095914125443
0.024904591962695122
0.02620052918791771
0.026281263679265976
0.025654014199972153
0.03650158271193504
0.024925334379076958
0.026873303577303886
0.0259482990950346
0.024968475103378296
0.02314666472375393
0.026937950402498245
0.03553028404712677
0.025666728615760803
0.027833951637148857
0.025178683921694756
0.025264132767915726
0.025455042719841003
0.02587110362946987
0.03298234939575195
0.02699524536728859
0.027726953849196434
0.024507923051714897
0.024684404954314232
0.02609139494597912
0.026665672659873962
0.03864599019289017
0.025927595794200897
0.02663787081837654
0.025918960571289062
0.02658715471625328
0.02524387463927269
0.02856183424592018
0.029859207570552826
0.02581036649644375
0.027420111000537872
0.024710699915885925
0.02783844992518425
0.025393595919013023
0.02534714713692665
0.03398442268371582
0.025552688166499138
0.027555197477340698
0.02512219361960888
0.024671517312526703
0.025484291836619377
0.026331447064876556
0.030284015461802483
0.02561679482460022
0.02469979226589203
0.024073084816336632
0.02785433642566204
0.025606028735637665
0.02421899139881134
0.05132346972823143
0.030661558732390404
0.027158549055457115
0.02689400129020214
0.02595248818397522
0.029524046927690506
0.026003418490290642
0.0413186214864254
0.024732202291488647
0.027671074494719505
0.029457319527864456
0.024788957089185715
0.025473682209849358
0.028201788663864136
0.04098184034228325
0.0292670838534832
0.02716994844377041
0.027882082387804985
0.027692576870322227
0.025563929229974747
0.025489788502454758
0.03266201540827751
0.02483183704316616
0.026279572397470474
0.026343313977122307
0.028071096166968346
0.02409134805202484
0.02540859393775463
0.035488955676555634
0.025012977421283722
0.026785163208842278
0.024059951305389404
0.02594703994691372
0.02881772443652153
0.025254203006625175
0.04146562144160271
0.028744053095579147
0.025459982454776764
0.03016619384288788
0.0264926515519619
0.025341257452964783
0.024523556232452393
0.04286780208349228
0.026787452399730682
0.02551375888288021
0.030576292425394058
0.027986392378807068
0.02545148693025112
0.02458924427628517
0.030389532446861267
0.024686729535460472
0.03021748922765255
0.02503059431910515
0.02649824135005474
0.025790315121412277
0.026673845946788788
0.027803882956504822
0.02440144680440426
0.026170220226049423
0.02533440850675106
0.029361557215452194
0.026706626638770103
0.023997750133275986
0.04184093698859215
0.031644996255636215
0.0273516234010458
0.0283780749887228
0.024516630917787552
0.028131214901804924
0.025659484788775444
0.046615391969680786
0.027953967452049255
0.027859074994921684
0.028660189360380173
0.02574111334979534
0.0280033927410841
0.0271262489259243
0.06887470185756683
0.03410913050174713
0.028236359357833862
0.029575735330581665
0.027854301035404205
0.027191955596208572
0.02788000926375389
0.03423618525266647
0.0267951637506485
0.025384407490491867
0.02902655117213726
0.026831012219190598
0.024836108088493347
0.028563495725393295
0.03644818067550659
0.023798076435923576
0.024777565151453018
0.028262725099921227
0.02990470640361309
0.025268321856856346
0.027404924854636192
0.039024338126182556
0.028618209064006805
0.02989601157605648
0.027197163552045822
0.026150237768888474
0.024593716487288475
0.025325065478682518
0.04486342892050743
