0.7229054570198059
0.7075003981590271
0.6908780932426453
0.6429712176322937
0.6232287883758545
0.6097767949104309
0.5596420764923096
0.5518922209739685
0.524513304233551
0.5217079520225525
0.48738932609558105
0.48383498191833496
0.4626908004283905
0.4479347765445709
0.454628586769104
0.43364882469177246
0.43986770510673523
0.4136701822280884
0.38670778274536133
0.3845406472682953
0.41091302037239075
0.38554656505584717
0.3658623993396759
0.3503226041793823
0.35130050778388977
0.3378152549266815
0.33448031544685364
0.3263905346393585
0.32724153995513916
0.3185369074344635
0.3072715699672699
0.3038710057735443
0.3003958761692047
0.2985922396183014
0.29590854048728943
0.2830688953399658
0.28176310658454895
0.27409854531288147
0.2619190812110901
0.2789331376552582
0.25993579626083374
0.2564181983470917
0.25662174820899963
0.2572680115699768
0.24720756709575653
0.24295617640018463
0.25456708669662476
0.23760062456130981
0.24242238700389862
0.2363569140434265
0.22952407598495483
0.2246389240026474
0.24469076097011566
0.2307373434305191
0.2273625284433365
0.2293308526277542
0.22694653272628784
0.21265046298503876
0.21011359989643097
0.209994837641716
0.21823835372924805
0.2265111654996872
0.2016613930463791
0.20249928534030914
0.21835137903690338
0.18946139514446259
0.19977883994579315
0.19528324902057648
0.2089797854423523
0.2060949057340622
0.20028932392597198
0.1960316151380539
0.1883745938539505
0.20053023099899292
0.20122183859348297
0.18586419522762299
0.21352243423461914
0.18590307235717773
0.1774870753288269
0.18935763835906982
0.19224940240383148
0.1846024990081787
0.18370163440704346
0.20380234718322754
0.1748719960451126
0.1836111694574356
0.17947489023208618
0.19574351608753204
0.19492226839065552
0.1861409991979599
0.1827501803636551
0.20349740982055664
0.17236261069774628
0.17941556870937347
0.17275328934192657
0.16324539482593536
0.17267191410064697
0.17358733713626862
0.16101272404193878
0.1616760641336441
0.17187106609344482
0.16500408947467804
0.16412948071956635
0.1690170168876648
0.19140547513961792
0.1728968620300293
0.1807810217142105
0.16346004605293274
0.16201011836528778
0.17323286831378937
0.15770387649536133
0.1483381986618042
0.1506837159395218
0.1675272434949875
0.1536281555891037
0.15334944427013397
0.17641718685626984
0.16235235333442688
0.1598958820104599
0.15811194479465485
0.14841678738594055
0.16234856843948364
0.14991824328899384
0.1571415364742279
0.1601063460111618
0.16528113186359406
0.146016925573349
0.16275812685489655
0.1541793793439865
0.14776058495044708
0.15681935846805573
0.14377479255199432
0.22591346502304077
0.15624761581420898
0.14978468418121338
0.16224625706672668
0.15146802365779877
0.14767064154148102
0.14893941581249237
0.14174771308898926
0.1481882780790329
0.1619810163974762
0.14768950641155243
0.15298114717006683
0.14418001472949982
0.13239534199237823
0.16982342302799225
0.13967598974704742
0.15234847366809845
0.1437121480703354
0.15063975751399994
0.14767272770404816
0.1450154185295105
0.1458650678396225
0.14887477457523346
0.14490906894207
0.1338168978691101
0.13767853379249573
0.14853687584400177
0.13618381321430206
0.15629933774471283
0.1443282812833786
0.13893945515155792
0.13955305516719818
0.1346108466386795
0.13797102868556976
0.14139018952846527
0.16009533405303955
0.1450209766626358
0.1451161652803421
0.1401681751012802
0.12788107991218567
0.13005806505680084
0.12942741811275482
0.17173419892787933
0.12991802394390106
0.14553500711917877
0.1379481703042984
0.12930797040462494
0.1294592022895813
0.13246677815914154
0.17064036428928375
0.1393624246120453
0.1312539428472519
0.12552553415298462
0.1309327334165573
0.12429704517126083
0.12854838371276855
0.18695230782032013
0.14792142808437347
0.14002655446529388
0.13429224491119385
0.13190780580043793
0.13190661370754242
0.12476601451635361
0.12765081226825714
0.14720414578914642
0.14470066130161285
0.1270361840724945
0.12494630366563797
0.13594430685043335
0.12917810678482056
0.12474819272756577
0.12170911580324173
0.11847450584173203
0.12111285328865051
0.1278093010187149
0.14017166197299957
0.13016393780708313
0.15635836124420166
0.12539434432983398
0.12490896135568619
0.12307866662740707
0.13540998101234436
0.12726882100105286
0.13643459975719452
0.14410747587680817
0.1274803727865219
0.12086821347475052
0.11638057976961136
0.14044217765331268
0.12181947380304337
0.1344992071390152
0.13057595491409302
0.12022930383682251
0.1265517920255661
0.12373233586549759
0.13222014904022217
0.11536035686731339
0.1225428357720375
0.1328088790178299
0.12748493254184723
0.12573395669460297
0.12413027882575989
0.12290140986442566
0.12086168676614761
0.11524053663015366
0.14043718576431274
0.1382656842470169
0.11131184548139572
0.10998406261205673
0.14054179191589355
0.11686525493860245
0.12108639627695084
0.15141446888446808
0.11783858388662338
0.1295006424188614
0.12306434661149979
0.1120065227150917
0.11612813919782639
0.12676389515399933
0.13057826459407806
0.12572772800922394
0.12149157375097275
0.11242789775133133
0.11816996335983276
0.1203230619430542
0.11200403422117233
0.1494811773300171
0.12078817933797836
0.11575987935066223
0.12139842659235
0.1106128990650177
0.11296448111534119
0.11743625998497009
0.13166724145412445
0.1136917844414711
0.10983910411596298
0.10587665438652039
0.11841388791799545
0.11991140991449356
0.12740802764892578
0.11798848956823349
0.1197461187839508
0.12727023661136627
0.12666304409503937
0.10702649503946304
0.12069296836853027
0.11844897270202637
0.14318163692951202
0.11345506459474564
0.11719904094934464
0.11924558877944946
0.11844321340322495
0.10769487172365189
0.10185267776250839
0.1115972176194191
0.11873131990432739
0.11905451864004135
0.10380031913518906
0.11290460079908371
0.11365175247192383
0.11027813702821732
0.11189496517181396
0.11030357331037521
0.11430124193429947
0.11182373762130737
0.11338294297456741
0.1081792339682579
0.10823168605566025
0.13412471115589142
0.10712671279907227
0.10298258811235428
0.11539200693368912
0.11389917135238647
0.12013820558786392
0.1094391867518425
0.10433059930801392
0.10463404655456543
0.1026088073849678
0.10758189111948013
0.10229378938674927
0.11432603001594543
0.1088746190071106
0.16538260877132416
0.11345302313566208
0.11164960265159607
0.10787981748580933
0.1055542603135109
0.13067449629306793
0.10314961522817612
0.11840736120939255
0.10848787426948547
0.11363527178764343
0.11114165931940079
0.0966283455491066
0.10013297200202942
0.10656856745481491
0.12623582780361176
0.11834636330604553
0.09820953011512756
0.0995773896574974
0.11311733722686768
0.10444464534521103
0.10768940299749374
0.11832346767187119
0.10543892532587051
0.10164860635995865
0.12421637773513794
0.10673630237579346
0.09819629043340683
0.09563934803009033
0.14443056285381317
0.10142118483781815
0.10898826271295547
0.1042226031422615
0.1005849838256836
0.1070953831076622
0.11315944045782089
0.11644353717565536
0.12372314184904099
0.11621800810098648
0.10045138746500015
0.10548573732376099
0.09480776637792587
0.10043223947286606
0.1167571172118187
0.10119104385375977
0.10476914793252945
0.10461381077766418
0.10557052493095398
0.11006015539169312
0.10218271613121033
0.10085936635732651
0.09918379783630371
0.10948822647333145
0.1110563650727272
0.1175965666770935
0.09922465682029724
0.10921628028154373
0.11320938915014267
0.11483537405729294
0.10113505274057388
0.10687252879142761
0.09776408225297928
0.10389251261949539
0.10893002152442932
0.1261187195777893
0.1048496663570404
0.09799253940582275
0.11059412360191345
0.09553881734609604
0.1102982759475708
0.09394808858633041
0.10804533958435059
0.0948786810040474
0.11902669072151184
0.12136700004339218
0.09725207835435867
0.09916877001523972
0.09609439969062805
0.13301090896129608
0.11116424947977066
0.09856763482093811
0.09341105073690414
0.10886960476636887
0.09458374977111816
0.10185927152633667
0.1245635524392128
0.09824562817811966
0.10587064176797867
0.09889427572488785
0.09950896352529526
0.10906470566987991
0.09479985386133194
0.11267533153295517
0.107569120824337
0.09305310994386673
0.10413099080324173
0.10069828480482101
0.09375372529029846
0.10196923464536667
0.126558318734169
0.10236722975969315
0.10940766334533691
0.09216972440481186
0.0877140462398529
0.10641986131668091
0.10088181495666504
0.12601511180400848
0.09834596514701843
0.09183475375175476
0.10283596068620682
0.10780385136604309
0.10046917200088501
0.09973938018083572
0.12450990825891495
0.1035415530204773
0.10243961215019226
0.09630311280488968
0.09258326888084412
0.09562551230192184
0.09445180743932724
0.10909587144851685
0.099122054874897
0.09410446882247925
0.10111119598150253
0.09582185745239258
0.09381065517663956
0.0895402655005455
0.1045849546790123
0.0970907211303711
0.10331841558218002
0.09107199311256409
0.09535723179578781
0.09389250725507736
0.0910000205039978
0.08779377490282059
0.08622101694345474
0.09864915162324905
0.08936601877212524
0.08997748047113419
0.09474644064903259
0.09847552329301834
0.09448488801717758
0.09493798762559891
0.0967353954911232
0.09050115197896957
0.09069401770830154
0.09810183197259903
0.08652915805578232
0.11999291181564331
0.10921048372983932
0.10154200345277786
0.08618662506341934
0.09480678290128708
0.1004193052649498
0.08830609917640686
0.0995878204703331
0.1100335344672203
0.09274550527334213
0.10158444195985794
0.08571060746908188
0.08968514204025269
0.08602424710988998
0.08933284133672714
0.08388002961874008
0.0943237841129303
0.08471880108118057
0.09491480141878128
0.10377994179725647
0.10389669984579086
0.1077519878745079
0.09362471103668213
0.08986935019493103
0.09819962829351425
0.09727682918310165
0.0832575187087059
0.08559504896402359
0.09151557832956314
0.09893769770860672
0.08494346588850021
0.0805821493268013
0.08835729956626892
0.08879408240318298
0.09267698973417282
0.08283200860023499
0.10018640756607056
0.0870688334107399
0.08749812096357346
0.08073269575834274
0.08861542493104935
0.08756554126739502
0.12924768030643463
0.09600932151079178
0.08797765523195267
0.09374392777681351
0.08399221301078796
0.0874323919415474
0.09084949642419815
0.10398919135332108
0.08650889247655869
0.1016276553273201
0.08209709078073502
0.08564142137765884
0.08625012636184692
0.08551912754774094
0.10718390345573425
0.0966726765036583
0.09335815161466599
0.08686742186546326
0.09437575936317444
0.09234500676393509
0.08101063221693039
0.11232676357030869
0.08383440226316452
0.08350516110658646
0.08866483718156815
0.09580511599779129
0.08141332119703293
0.08561684936285019
0.09947631508111954
0.09665023535490036
0.08585435897111893
0.08523627370595932
0.09000721573829651
0.07822167873382568
0.07883747667074203
0.10310544818639755
0.09786495566368103
0.08545190840959549
0.08318540453910828
0.07326259464025497
0.08314153552055359
0.08217509835958481
0.10080647468566895
0.0799136832356453
0.0885707214474678
0.08045826107263565
0.08240712434053421
0.08375391364097595
0.09282471984624863
0.11313679069280624
0.08113878965377808
0.08861419558525085
0.07899429649114609
0.07588037103414536
0.08664017915725708
0.07977843284606934
0.09289830923080444
0.07072294503450394
0.08073728531599045
0.08182179182767868
0.08413008600473404
0.07811018824577332
0.0917029157280922
0.1125248372554779
0.09108557552099228
0.08650556206703186
0.08159919828176498
0.08498039096593857
0.07870087772607803
0.08367965370416641
0.09322618693113327
0.08867055922746658
0.0849907174706459
0.08446765691041946
0.0773746445775032
0.07649043947458267
0.08223335444927216
0.0888335108757019
0.0821070596575737
0.07617219537496567
0.08118639886379242
0.0769357979297638
0.07814540714025497
0.08208117634057999
0.16513371467590332
0.08447641134262085
0.08967912942171097
0.08099120855331421
0.08028685301542282
0.08106882125139236
0.0757519006729126
0.08847912400960922
0.08185776323080063
0.0695594847202301
0.08662975579500198
0.08818801492452621
0.07490074634552002
0.07130324840545654
0.12163052707910538
0.08813343197107315
0.08536744117736816
0.0866549015045166
0.08070843666791916
0.07199986279010773
0.07147040218114853
0.11277148872613907
0.07635826617479324
0.08678662776947021
0.07970896363258362
0.08367539197206497
0.06974846124649048
0.07571298629045486
0.08299276232719421
0.07889245450496674
0.07604048401117325
0.0727497935295105
0.08726820349693298
0.08493093401193619
0.0786842480301857
0.08608146756887436
0.07860361784696579
0.08597292751073837
0.07784753292798996
0.07745742052793503
0.07456065714359283
0.07478532940149307
0.0933276042342186
0.08021899312734604
0.07925590127706528
0.07330606132745743
0.07787583768367767
0.07568537443876266
0.0757487490773201
0.08267907053232193
0.07344450801610947
0.08682385832071304
0.07450416684150696
0.07501431554555893
0.0758654773235321
0.06944846361875534
0.11265820264816284
0.08069537580013275
0.07618333399295807
0.07444418221712112
0.07225197553634644
0.07778804749250412
0.08017943799495697
0.07906617969274521
0.07270032912492752
0.07236086577177048
0.0852036252617836
0.0730888769030571
0.07646536827087402
0.07120727747678757
0.07585439831018448
0.07376251369714737
0.06729235500097275
0.08200731128454208
0.073386549949646
0.07665466517210007
0.07612583786249161
0.08568942546844482
0.07175510376691818
0.07234280556440353
0.07053743302822113
0.07719290256500244
0.07467640191316605
0.07003679126501083
0.12561409175395966
0.07419227063655853
0.08061037957668304
0.068853460252285
0.07831142097711563
0.08011085540056229
0.06883027404546738
0.09105361253023148
0.07207391411066055
0.07702469825744629
0.07389916479587555
0.07966239005327225
0.06676939874887466
0.07281287014484406
0.07551032304763794
0.06906352937221527
0.0764642134308815
0.0809168815612793
0.06876050680875778
0.06401684135198593
0.07453178614377975
0.08489140123128891
0.0666639432311058
0.07524330168962479
0.0653499886393547
0.06796855479478836
0.07223408669233322
0.0833059549331665
0.07566982507705688
0.06743022054433823
0.06951242685317993
0.09068738669157028
0.0802469477057457
0.07716421782970428
0.0676768571138382
0.08467448502779007
0.06888056546449661
0.07413000613451004
0.06899821013212204
0.07669670879840851
0.06578502058982849
0.0735974907875061
0.08470866829156876
0.07252020388841629
0.07995107769966125
0.07331658154726028
0.07159610837697983
0.0655091181397438
0.06773552298545837
0.07517697662115097
0.07336123287677765
0.06673713028430939
0.08074596524238586
0.07321833819150925
0.06478847563266754
0.07144250720739365
0.08706500381231308
0.08647941797971725
0.07262260466814041
0.0704556331038475
0.07033778727054596
0.08018259704113007
0.06821352988481522
0.09510696679353714
0.07570245116949081
0.07828306406736374
0.06661003828048706
0.07088059186935425
0.07029945403337479
0.07031494379043579
0.08826976269483566
0.07423067837953568
0.07093944400548935
0.06886687129735947
0.06760691851377487
0.06868986040353775
0.06686729192733765
0.1008051261305809
0.0798773467540741
0.06983266770839691
0.0633058100938797
0.06644024699926376
0.07415066659450531
0.06347621232271194
0.10011366754770279
0.07538988441228867
0.06733217090368271
0.06703657656908035
0.07379934936761856
0.07081951946020126
0.06669696420431137
0.08362648636102676
0.07580243796110153
0.07164999097585678
0.07444532215595245
0.05989328399300575
0.07951343804597855
0.06878490746021271
0.10188812017440796
0.06650687009096146
0.06718885153532028
0.0652294009923935
0.07502884417772293
0.08022993057966232
0.06527386605739594
0.07980876415967941
0.06585072726011276
0.07436981052160263
0.0686793327331543
0.07016981393098831
0.06520754843950272
0.06618470698595047
0.0781669095158577
0.07930577546358109
0.06380951404571533
0.06278269737958908
0.0645265281200409
0.06810098886489868
0.0699767917394638
0.09129207581281662
0.08255376666784286
0.06227577105164528
0.07068241387605667
0.06552214175462723
0.06512220948934555
0.06714660674333572
0.15002940595149994
0.08246881514787674
0.07250773161649704
0.07252076268196106
0.07265151292085648
0.07585877925157547
0.07350260019302368
0.11293932050466537
0.07411440461874008
0.0820680484175682
0.07581430673599243
0.07152235507965088
0.06486886739730835
0.07542278617620468
0.09958010166883469
0.07232453674077988
0.06789316236972809
0.06284502893686295
0.06371292471885681
0.06713869422674179
0.07138088345527649
0.09697674959897995
0.06900384277105331
0.06801029294729233
0.07297459989786148
0.06535758823156357
0.06360600143671036
0.06518160551786423
0.10401739925146103
0.06644461303949356
0.07157948613166809
0.07279178500175476
0.06438779085874557
0.07705612480640411
0.07283174246549606
0.09420665353536606
0.06917613744735718
0.0662517249584198
0.06852927803993225
0.06905204057693481
0.06742888689041138
0.07363007962703705
0.11770293116569519
0.07291567325592041
0.0695008859038353
0.07279667258262634
0.0667882189154625
0.06229909881949425
0.06447937339544296
0.08044085651636124
0.06361683458089828
0.06578577309846878
0.06983991712331772
0.06840711832046509
0.06770598888397217
0.06520133465528488
0.07187051326036453
0.06633738428354263
0.0672450065612793
0.06294788420200348
0.06062067672610283
0.06854856759309769
0.06095791235566139
0.1489163637161255
0.07417793571949005
0.07534491270780563
0.07529545575380325
0.07150763273239136
0.06287046521902084
0.07085804641246796
0.08155551552772522
0.06308414787054062
0.0649004578590393
0.07523252069950104
0.07020628452301025
0.06803794950246811
0.0657176747918129
0.08638706058263779
0.0706697627902031
0.06048964336514473
0.0695308968424797
0.06397733092308044
0.06693831831216812
0.06494660675525665
0.10328060388565063
0.06154142692685127
0.06484575569629669
0.08112858980894089
0.06496172398328781
0.06607076525688171
0.07100658863782883
0.07927185297012329
0.07015037536621094
0.06838690489530563
0.06754262000322342
0.06609313189983368
0.06645701825618744
0.07036188989877701
0.08065567165613174
0.05921116843819618
0.0684516578912735
0.06280257552862167
0.05928712710738182
0.06164776161313057
0.061127323657274246
0.0820586085319519
0.06785786151885986
0.058711111545562744
0.0617809034883976
0.06726604700088501
0.0675121620297432
0.0626232847571373
0.07353263348340988
0.0725189596414566
0.056861866265535355
0.0616418831050396
0.06504262983798981
0.05856053903698921
0.0612928532063961
0.08123397082090378
0.06330844014883041
0.06197509169578552
0.06316555291414261
0.05952655151486397
0.0639541894197464
0.062034472823143005
0.07226088643074036
0.061986688524484634
0.0682666227221489
0.06278682500123978
0.06074747070670128
0.05720005929470062
0.06017371639609337
0.08603096008300781
0.06293914467096329
0.05897974595427513
0.06619618833065033
0.056922439485788345
0.06166195496916771
0.06870166212320328
0.06087072193622589
0.06256306916475296
0.059923913329839706
0.0684509202837944
0.06053495407104492
0.05919768288731575
0.05395050346851349
0.07548726350069046
0.06495222449302673
0.057349082082509995
0.06203676387667656
0.059047143906354904
0.059117525815963745
0.0637706071138382
0.073243647813797
0.07372082769870758
0.06442084908485413
0.0585385300219059
0.06252425163984299
0.05494663491845131
0.05874617025256157
0.08251781016588211
0.06024939939379692
0.060481250286102295
0.057578492909669876
0.06225932762026787
0.06125502288341522
0.0551963709294796
0.060518886893987656
0.05812522768974304
0.06160140037536621
0.06793447583913803
0.05987751483917236
0.06276769936084747
0.05645638704299927
0.07434674352407455
0.06069749966263771
0.05612951144576073
0.06373482197523117
0.06893604248762131
0.05573819577693939
0.06477543711662292
0.06380663067102432
0.062142904847860336
0.05954256281256676
0.05705449357628822
0.05730639025568962
0.05513713136315346
0.06034364178776741
0.08293933421373367
0.057337235659360886
0.05649017170071602
0.07028182595968246
0.0621790736913681
0.05615533888339996
0.059271883219480515
0.14296261966228485
0.07112317532300949
0.06950321048498154
0.07090634852647781
0.05865684151649475
0.06300706416368484
0.06283912807703018
0.07061078399419785
0.06044204160571098
0.05949510633945465
0.061180997639894485
0.055602069944143295
0.06487531960010529
0.05605260655283928
0.09641412645578384
0.06010112166404724
0.06485069543123245
0.0654919371008873
0.054675836116075516
0.056177008897066116
0.055832814425230026
0.09058031439781189
0.06066512688994408
0.06103985011577606
0.06157861277461052
0.05719214677810669
0.06343237310647964
0.0626959279179573
0.09343429654836655
0.06622443348169327
0.06268046051263809
0.05617860332131386
0.062026143074035645
0.06083877012133598
0.05865640565752983
0.08395329862833023
0.06470762193202972
0.06068172678351402
0.06877857446670532
0.0746552050113678
0.060482461005449295
0.0694461390376091
0.07017170637845993
0.06290491670370102
0.05516606941819191
0.05590096488595009
0.06140963360667229
0.06027473509311676
0.06736969947814941
0.06510312110185623
0.06278569251298904
0.057239238172769547
0.05542607232928276
0.05628762021660805
0.05389490723609924
0.05653508007526398
0.07305625826120377
0.0602056123316288
0.057706862688064575
0.056527119129896164
0.05573706701397896
0.05937075614929199
0.05799252912402153
0.061603013426065445
0.056291937828063965
0.05814480409026146
0.05982309207320213
0.06371627002954483
0.05842271447181702
0.05475364252924919
0.06479602307081223
0.0559605173766613
0.06014224514365196
0.05922839418053627
0.055946704000234604
0.06225934252142906
0.0567609965801239
0.06655243039131165
0.0553155392408371
0.057912688702344894
0.05732995271682739
0.0602988600730896
0.06912551820278168
0.055706799030303955
0.06392281502485275
0.06267418712377548
0.0634741261601448
0.05874953791499138
0.05886067822575569
0.056797225028276443
0.05250724032521248
0.06977846473455429
0.0571267195045948
0.07542073726654053
0.055243801325559616
0.054800987243652344
0.04994102194905281
0.05766209587454796
0.07931310683488846
0.05828045681118965
0.06293182075023651
0.06077580153942108
0.05508331581950188
0.053224753588438034
0.061153363436460495
0.06685483455657959
0.06105783209204674
0.06510300934314728
0.05682520195841789
0.060493677854537964
0.06809151917695999
0.055655140429735184
0.06319215148687363
0.0529589019715786
0.062124524265527725
0.05338049307465553
0.049620386213064194
0.05659901723265648
0.05586087703704834
0.059425681829452515
0.0632832944393158
0.05794878676533699
0.05010098218917847
0.05893698334693909
0.048080455511808395
0.05825832858681679
0.0737646296620369
0.05786560848355293
0.05746784433722496
0.05128597840666771
0.05371102690696716
0.054280538111925125
0.05344933271408081
0.08311838656663895
0.06093156710267067
0.05908247455954552
0.05544441565871239
0.052039533853530884
0.058376114815473557
0.05358023941516876
0.08031851798295975
0.058261316269636154
0.055460125207901
0.0551556758582592
0.053366005420684814
0.05919841304421425
0.05270519480109215
0.08587294816970825
0.06041507050395012
0.0634622797369957
0.0596773736178875
0.05570423975586891
0.05162511393427849
0.06232095882296562
0.06171827018260956
0.05701175332069397
0.0538146048784256
0.05787162482738495
0.05247869715094566
0.04964630678296089
0.05626053735613823
0.09631066769361496
0.06471118330955505
0.05252083018422127
0.05421562120318413
0.0590437687933445
0.054898690432310104
0.06406084448099136
0.051386166363954544
0.05757078900933266
0.05073712766170502
0.0502009391784668
0.0509684793651104
0.062351878732442856
0.05740516260266304
0.08768848329782486
0.05592363700270653
0.059793490916490555
0.052906155586242676
0.057842642068862915
0.057178694754838943
0.05564504489302635
0.08679255843162537
0.06030360981822014
0.05738310515880585
0.052327364683151245
0.05158303305506706
0.05580991879105568
0.062257397919893265
0.055336371064186096
0.054128166288137436
0.05379241704940796
0.05739036574959755
0.05844045802950859
0.05551576241850853
0.05251258611679077
0.06508301943540573
0.06124323606491089
0.0559355802834034
0.05701148509979248
0.053278569132089615
0.058909643441438675
0.060327332466840744
0.06766662001609802
0.05808228254318237
0.04756684601306915
0.05685775354504585
0.06418313086032867
0.06017785891890526
0.058685775846242905
0.06420672684907913
0.05498198792338371
0.05325661972165108
0.06221933290362358
0.05278734490275383
0.051789507269859314
0.05391297861933708
0.06478109210729599
0.05460597202181816
0.05910066142678261
0.060072850435972214
0.055143553763628006
0.057280778884887695
0.05274590477347374
0.06970163434743881
0.050664130598306656
0.055417854338884354
0.06179291009902954
0.05229339003562927
0.055495280772447586
0.056627217680215836
0.07553408294916153
0.05220668017864227
0.05678386613726616
0.05459783971309662
0.05238784849643707
0.05112959071993828
0.05483363941311836
0.08921552449464798
0.05616317689418793
0.06467341631650925
0.057623863220214844
0.05208288133144379
0.05011511221528053
0.047348782420158386
0.07562959939241409
0.059713467955589294
0.053193431347608566
0.059981223195791245
0.051905449479818344
0.056301821023225784
0.04848794639110565
0.06588198989629745
0.05334534868597984
0.051730334758758545
0.05944804474711418
0.05468979850411415
0.05643346533179283
0.05301903560757637
0.06466824561357498
0.05280311405658722
0.04924466833472252
0.055204182863235474
0.054318755865097046
0.05410827323794365
0.04846082627773285
0.05227801576256752
0.05182138457894325
0.052226532250642776
0.0542861633002758
0.06204855442047119
0.04991566017270088
0.06080049276351929
0.07328993827104568
0.05211459472775459
0.05166732892394066
0.048860613256692886
0.051943302154541016
0.051515404134988785
0.05789358913898468
0.06073456630110741
0.047566886991262436
0.049660950899124146
0.05664604902267456
0.052715007215738297
0.0565502755343914
0.04829177260398865
0.04754847660660744
0.06238938868045807
0.05379470810294151
0.051685646176338196
0.0487012155354023
0.053772587329149246
0.04876124486327171
0.06692468374967575
0.05103859677910805
0.0534466989338398
0.05652771517634392
0.05143579840660095
0.05066249147057533
0.052362844347953796
0.07347401976585388
0.04968791827559471
0.048455607146024704
0.05757841840386391
0.04957856610417366
0.05763311684131622
0.054560478776693344
0.06228617951273918
0.05380262807011604
0.050752002745866776
0.04810167849063873
0.04604974389076233
0.052292171865701675
0.05035941302776337
0.05716094374656677
0.04953921213746071
0.04864153265953064
0.05793863534927368
0.050257619470357895
0.049569133669137955
0.04724563658237457
0.0746523067355156
0.050112128257751465
0.05231235548853874
0.05034908279776573
0.058320533484220505
0.053217679262161255
0.046776819974184036
0.05405988171696663
0.05096759274601936
0.053411584347486496
0.05234382674098015
0.05898887291550636
0.053421199321746826
0.05097445473074913
0.06035558879375458
0.05687839910387993
0.04629402235150337
0.053702473640441895
0.044985029846429825
0.052561406046152115
0.054073501378297806
0.07676568627357483
0.050764184445142746
0.0582611970603466
0.052426647394895554
0.053187426179647446
0.04943840205669403
0.06840890645980835
0.061727166175842285
0.0521356463432312
0.048731040209531784
0.0551578514277935
0.05511254072189331
0.05274146422743797
0.05001034960150719
0.08265209197998047
0.05164707824587822
0.054987113922834396
0.05097488686442375
0.05414789542555809
0.04899086058139801
0.04968699812889099
0.08916303515434265
0.04978356882929802
0.05081651732325554
0.05720147490501404
0.053733617067337036
0.05819704756140709
0.049684274941682816
0.07073580473661423
0.05844081938266754
0.05482463166117668
0.048566002398729324
0.048819318413734436
0.0489390529692173
0.05133107677102089
0.05579329654574394
0.05632336065173149
0.050387829542160034
0.04940270259976387
0.05235953629016876
0.05102502927184105
0.04978716000914574
0.07322412729263306
0.05372269079089165
0.05440616235136986
0.04856882989406586
0.05148409679532051
0.051481693983078
0.04990510642528534
0.06866361945867538
0.05527336522936821
0.06361380964517593
0.04983003810048103
0.06112028658390045
0.050029367208480835
0.05088303983211517
0.05401435121893883
0.05261877179145813
0.05209403112530708
0.0529099702835083
0.04993541166186333
0.05616855248808861
0.0549699030816555
0.060920149087905884
0.051747679710388184
0.05414125695824623
0.05191944167017937
0.054953355342149734
0.048028614372015
0.05033315345644951
0.06462342292070389
0.052650097757577896
0.048631876707077026
0.05133115127682686
0.05200579762458801
0.050025615841150284
0.05184122920036316
0.08890002965927124
0.06046788766980171
0.06078275665640831
0.055464133620262146
0.062360238283872604
0.047647785395383835
0.051205310970544815
0.06616935133934021
0.05324062332510948
0.05222039297223091
0.05055980756878853
0.050896238535642624
0.05449742451310158
0.048515260219573975
0.053100887686014175
0.05408473312854767
0.05345248058438301
0.05171759054064751
0.05371687188744545
0.04937486723065376
0.05067633092403412
0.05630180239677429
0.05701495707035065
0.0530078150331974
0.047364428639411926
0.04796070232987404
0.04262825474143028
0.04673999175429344
0.05355192348361015
0.046567514538764954
0.04740426316857338
0.048916045576334
0.046499695628881454
0.06138696148991585
0.05545428395271301
0.058452922850847244
0.05015348270535469
0.055507805198431015
0.05260665714740753
0.04912496730685234
0.05386147275567055
0.0466349720954895
0.07023759931325912
0.05181489884853363
0.05244390666484833
0.05908404663205147
0.05070782080292702
0.05413709580898285
0.051941175013780594
0.05655169486999512
0.06027054786682129
0.047864045947790146
0.04751927778124809
0.04957006871700287
0.05120287835597992
0.04308154061436653
0.05448724702000618
0.04752969369292259
0.05861586332321167
0.05020751431584358
0.0488806776702404
0.051825087517499924
0.056479424238204956
0.07552611082792282
0.05278250575065613
0.04570917412638664
0.047340765595436096
0.04509478807449341
0.04935448244214058
0.04919915273785591
0.06573960930109024
0.04886681213974953
0.05728752911090851
0.04943813011050224
0.048816144466400146
0.049300819635391235
0.0468616746366024
0.06661640107631683
0.06102154031395912
0.051539137959480286
0.04843256250023842
0.05388030782341957
0.04387902095913887
0.04596957191824913
0.05202846601605415
0.04978086054325104
0.05128113925457001
0.04462131857872009
0.04504987969994545
0.050918687134981155
0.047660693526268005
0.061448678374290466
0.04968199506402016
0.047119807451963425
0.0462716706097126
0.049854379147291183
0.045697808265686035
0.050208959728479385
0.0575411431491375
0.048270974308252335
0.0538179837167263
0.048301175236701965
0.04824978485703468
0.055759355425834656
0.049785491079092026
0.05000980570912361
0.05299104377627373
0.0467454195022583
0.04730765521526337
0.04866793379187584
0.05097314342856407
0.04450569674372673
0.07112616300582886
0.047755494713783264
0.04702877625823021
0.051281582564115524
0.04825266823172569
0.0513843297958374
0.046961117535829544
0.04940417408943176
0.05911905691027641
0.05287950113415718
0.04312307760119438
0.05128558352589607
0.045197028666734695
0.04673657938838005
0.048407528549432755
0.04628335312008858
0.046128448098897934
0.04504408314824104
0.04725048318505287
0.05237642303109169
0.052315909415483475
0.05143597722053528
0.04977341368794441
0.04492275416851044
0.04708180949091911
0.04791580140590668
0.05487760901451111
0.051220715045928955
0.06296604126691818
0.04542045295238495
0.04472571611404419
0.05488765239715576
0.051076795905828476
0.044809725135564804
0.046377480030059814
0.057557884603738785
0.04707379639148712
0.04535500332713127
0.048778560012578964
0.05086524412035942
0.04184694588184357
0.048857033252716064
0.0701230987906456
0.04680933058261871
0.045584823936223984
0.048901740461587906
0.04748007282614708
0.04698210954666138
0.04601164534687996
0.056381434202194214
0.045209407806396484
0.05328851565718651
0.04459547623991966
0.04760102555155754
0.04995223879814148
0.04569338634610176
0.05626566335558891
0.050911515951156616
0.04987529292702675
0.04758690297603607
0.0450892448425293
0.044649090617895126
0.04495585337281227
0.04682490602135658
0.04221069812774658
0.05167783796787262
0.04261502996087074
0.045264001935720444
0.046075787395238876
0.042905375361442566
0.05393587425351143
0.0465259812772274
0.04357193037867546
0.04508509859442711
0.042385730892419815
0.0511670857667923
0.047751571983098984
0.06730260699987411
0.05194500461220741
0.052809249609708786
0.055552542209625244
0.048901647329330444
0.05183310806751251
0.0445539765059948
0.05272093415260315
0.04513794556260109
0.05016074702143669
0.04662151262164116
0.047321777790784836
0.04487626254558563
0.05037815496325493
0.05800197646021843
0.0451321005821228
0.049728941172361374
0.043583452701568604
0.04869474470615387
0.050990428775548935
0.046834707260131836
0.06384546309709549
0.04781914874911308
0.04996595159173012
0.049185704439878464
0.047995563596487045
0.047636959701776505
0.05164730176329613
0.0572698600590229
0.047160226851701736
0.049115002155303955
0.046427834779024124
0.04436860606074333
0.0486651211977005
0.04092833772301674
0.07927561551332474
0.0522429458796978
0.04287754371762276
0.05001707002520561
0.05130195990204811
0.041652414947748184
0.04482993111014366
0.056038305163383484
0.046672385185956955
0.04485825076699257
0.0433744452893734
0.05019724741578102
0.0429752878844738
0.04632056877017021
0.06045668199658394
0.04604238644242287
0.05345825478434563
0.04228856787085533
0.048613790422677994
0.04946685954928398
0.04475163295865059
0.07474867254495621
0.046962443739175797
0.04715988039970398
0.04985762760043144
0.04949450120329857
0.046924445778131485
0.050340861082077026
0.07402525097131729
0.04998321458697319
0.0496646910905838
0.0490613617002964
0.04582751914858818
0.04669596254825592
0.04304395243525505
0.05597944185137749
0.04901377856731415
0.04716701805591583
0.05862012878060341
0.0471443273127079
0.050399716943502426
0.04809459671378136
0.07936374098062515
0.04926338791847229
0.05013595148921013
0.0429692305624485
0.04783298447728157
0.046976249665021896
0.046517014503479004
0.055316805839538574
0.052060868591070175
0.04429104924201965
0.04875973239541054
0.0477994829416275
0.04243924841284752
0.0470060296356678
0.05201151967048645
0.04941456392407417
0.04441112279891968
0.04181116446852684
0.0414559505879879
0.047849517315626144
0.051413923501968384
0.0668894425034523
0.0494576059281826
0.05317239463329315
0.04017462581396103
0.05380113050341606
0.04759150743484497
0.048690374940633774
0.0675702840089798
0.04484652355313301
0.04825179651379585
0.045857060700654984
0.0439622700214386
0.04236336052417755
0.048663754016160965
0.07323062419891357
0.05278100073337555
0.04968265816569328
0.04267686977982521
0.0428062342107296
0.0470518060028553
0.04188382998108864
0.05238234996795654
0.042386218905448914
0.05213587358593941
0.0482318252325058
0.04517471417784691
0.047268930822610855
0.0482310950756073
0.06223195418715477
0.045967355370521545
0.04338356480002403
0.04767002537846565
0.040446650236845016
0.04822222888469696
0.046664442867040634
0.14228494465351105
0.06946191191673279
0.06678089499473572
0.06014775112271309
0.06682199984788895
0.05087167024612427
0.05589032173156738
0.04925449565052986
0.05164342001080513
0.04628964886069298
0.04881133511662483
0.04719686135649681
0.05239172652363777
0.04729427397251129
0.04713114723563194
0.04669368267059326
0.04458574578166008
0.04967948794364929
0.04475456848740578
0.042579371482133865
0.048083964735269547
0.061970073729753494
0.05380576476454735
0.04441560432314873
0.045143526047468185
0.04688730835914612
0.04079361632466316
0.042847778648138046
0.0456526093184948
0.04635431244969368
0.04852643236517906
0.038964126259088516
0.04813491925597191
0.0414067879319191
0.04906279966235161
0.049607276916503906
0.04642929136753082
0.045146048069000244
0.040654588490724564
0.04406237602233887
0.045899953693151474
0.04751313105225563
0.0666213408112526
0.042582642287015915
0.042895495891571045
0.0470162071287632
0.04664778709411621
0.048479288816452026
0.03820403292775154
0.07586906105279922
0.046839822083711624
0.05780576169490814
0.04782036319375038
0.0454174168407917
0.04360617324709892
0.045622583478689194
0.053068142384290695
0.04931623861193657
0.04391330108046532
0.04352617263793945
0.051307257264852524
0.04584769532084465
0.04049788415431976
0.056166697293519974
0.04411706328392029
0.047874849289655685
0.04140539467334747
0.04061531648039818
0.040678590536117554
0.044298406690359116
0.062042247503995895
0.04543085768818855
0.042130619287490845
0.04441646859049797
0.04433147609233856
0.0447416752576828
0.0465000718832016
0.066592276096344
0.05208189785480499
0.04577319696545601
0.04357507824897766
0.04696829617023468
0.04542522132396698
0.04289966821670532
0.052834976464509964
0.053189780563116074
0.04556768015027046
0.042052943259477615
0.04259022697806358
0.05293135344982147
0.046388790011405945
0.07078566402196884
0.04289932921528816
0.044666070491075516
0.042780134826898575
0.04369015991687775
0.04574500024318695
0.050074998289346695
0.06769609451293945
0.05485789477825165
0.04546443745493889
0.04411478340625763
0.04379187151789665
0.04465927556157112
0.04416617751121521
0.04757651686668396
0.05516931787133217
0.04484757408499718
0.04582749307155609
0.0480726920068264
0.050333548337221146
0.040664855390787125
0.057636141777038574
0.04477020725607872
0.04709884524345398
0.05487058684229851
0.04500746726989746
0.04303525388240814
0.042970847338438034
0.04734007641673088
0.049868881702423096
0.045191604644060135
0.04847339168190956
0.04677419736981392
0.044603195041418076
0.040745511651039124
0.07752060145139694
0.04365391656756401
0.04516974091529846
0.04335547983646393
0.04574444517493248
0.044170696288347244
0.04265680909156799
0.05091756582260132
0.041220519691705704
0.046648476272821426
0.04018138721585274
0.050593599677085876
0.04204234108328819
0.03995627537369728
0.08214744180440903
0.04197467491030693
0.04916616156697273
0.047195419669151306
0.04408947750926018
0.046461522579193115
0.04240865632891655
0.06108479201793671
0.039126090705394745
0.042750731110572815
0.04918546974658966
0.047075096517801285
0.052056457847356796
0.043997183442115784
0.08917715400457382
0.04512239992618561
0.04314785078167915
0.041418712586164474
0.0489770732820034
0.04281793534755707
0.04066476225852966
0.04992470145225525
0.052315548062324524
0.04535892233252525
0.03958897665143013
0.04269075766205788
0.04060368984937668
0.04358956217765808
0.10484974831342697
0.04689132794737816
0.04613930359482765
0.04690982401371002
0.05051816999912262
0.045159801840782166
0.04594023898243904
0.04342645779252052
0.04649914428591728
0.03896269574761391
0.04260360077023506
0.045448582619428635
0.04185470566153526
0.04586149379611015
0.06436926871538162
0.046022456139326096
0.03993186727166176
0.041525837033987045
0.04169231280684471
0.0421510748565197
0.048166316002607346
0.062010060995817184
0.042812738567590714
0.043834928423166275
0.04553451016545296
0.04657503962516785
0.04885512962937355
0.05168071761727333
0.06223239377140999
0.04880256578326225
0.04262896999716759
0.04126650467514992
0.04220191016793251
0.04595200717449188
0.042550522834062576
0.05762665346264839
0.042818669229745865
0.04349851608276367
0.0494033508002758
0.0413128100335598
0.04306376352906227
0.041683394461870193
0.0750674232840538
0.045292552560567856
0.04848484322428703
0.04633942246437073
0.042884718626737595
0.04229763522744179
0.044624220579862595
0.0595088005065918
0.04847964644432068
0.05065098777413368
0.04533608257770538
0.05131029710173607
0.04610275849699974
0.0414017029106617
0.056816354393959045
0.04377015307545662
0.04974718391895294
0.04395069554448128
0.04088324308395386
0.04169739782810211
0.043750565499067307
0.046207498759031296
0.04618389531970024
0.042671117931604385
0.04158160462975502
0.040963318198919296
0.040805768221616745
0.043537791818380356
0.051542144268751144
0.044907648116350174
0.05051405727863312
0.0429287813603878
0.03813808038830757
0.038927558809518814
0.045998260378837585
0.04723800718784332
0.03734470531344414
0.04406598210334778
0.0420469231903553
0.04151216521859169
0.044638741761446
0.041696686297655106
0.07258477061986923
0.045106176286935806
0.042697515338659286
0.04454877972602844
0.04203622043132782
0.04071652889251709
0.049858275800943375
0.05639993026852608
0.04241863265633583
0.04359610751271248
0.03947344049811363
0.048153188079595566
0.03938570246100426
0.043902307748794556
0.0661294087767601
0.040410835295915604
0.0428636260330677
0.04272676631808281
0.04706293344497681
0.04032967612147331
0.04373399540781975
0.050969820469617844
0.04044701159000397
0.04226066544651985
0.04349188134074211
0.04008729010820389
0.0437435656785965
0.04747737944126129
0.05966179445385933
0.04280276596546173
0.04648679494857788
0.043623194098472595
0.0413987822830677
0.043843191117048264
0.04615103080868721
0.057482581585645676
0.04110903665423393
0.04218775033950806
0.04555536434054375
0.04468682035803795
0.04340248182415962
0.0403643362224102
0.051354724913835526
0.041203830391168594
0.042602065950632095
0.04656444117426872
0.04032764956355095
0.048089999705553055
0.053065862506628036
0.0820627212524414
0.04715368151664734
0.04229019209742546
0.044666189700365067
0.043067630380392075
0.03860973194241524
0.04188014939427376
0.04771101847290993
0.04501320794224739
0.041952893137931824
0.038698840886354446
0.04432837665081024
0.04199647530913353
0.03956752270460129
0.06036682799458504
0.04155248776078224
0.03975614532828331
0.04092787206172943
0.04415420815348625
0.04178884997963905
0.051515161991119385
0.06510383635759354
0.0418788380920887
0.039078790694475174
0.04567132517695427
0.04399089142680168
0.0451948307454586
0.04697628319263458
0.04449734464287758
0.03917042165994644
0.04415302351117134
0.04680180549621582
0.042178332805633545
0.048918742686510086
0.038947492837905884
0.057144735008478165
0.0389958955347538
0.04526817798614502
0.04548226296901703
0.040933240205049515
0.04290683567523956
0.04494672641158104
0.0679687038064003
0.056525081396102905
0.058800261467695236
0.046292249113321304
0.0453435443341732
0.045760612934827805
0.048009056597948074
0.05324016883969307
0.052991051226854324
0.03999076411128044
0.041528571397066116
0.04234771430492401
0.044491756707429886
0.045776546001434326
0.06693636626005173
0.045578036457300186
0.048964109271764755
0.04286159574985504
0.04564115032553673
0.041451867669820786
0.04421091079711914
0.05315177142620087
0.03794252499938011
0.0429452620446682
0.0399445965886116
0.046575263142585754
0.04662325605750084
0.03883085772395134
0.06820303201675415
0.041015077382326126
0.04466169700026512
0.041348181664943695
0.0441613607108593
0.03548630699515343
0.03830055892467499
0.07492891699075699
0.05071892961859703
0.04493793845176697
0.04248035326600075
0.04093236103653908
0.04220344498753548
0.03990082070231438
0.05038353428244591
0.04403816536068916
0.04184312745928764
0.03940174728631973
0.03908902406692505
0.038919564336538315
0.04543711617588997
0.05809102952480316
0.03977588564157486
0.04726390913128853
0.04062514379620552
0.04089904949069023
0.039072178304195404
0.047680824995040894
0.040027860552072525
0.040954720228910446
0.04491344466805458
0.041189100593328476
0.04154310002923012
0.03401992470026016
0.04021326079964638
0.053156778216362
0.04045548662543297
0.04605776444077492
0.042798127979040146
0.03868875280022621
0.040593039244413376
0.039831217378377914
0.07251126319169998
0.050587836652994156
0.043271925300359726
0.04409932717680931
0.0379522480070591
0.04067723825573921
0.04352889582514763
0.05222852900624275
0.03828687593340874
0.04014270380139351
0.04659976437687874
0.04284920170903206
0.03871404752135277
0.043132979422807693
0.05242821201682091
0.046280279755592346
0.04749375954270363
0.048419561237096786
0.04667884483933449
0.03982141241431236
0.03784698620438576
0.04643392190337181
0.045138973742723465
0.03822505101561546
0.04461447894573212
0.04394840821623802
0.04052650183439255
0.040425390005111694
0.04597378894686699
0.04146687313914299
0.03804862126708031
0.040716465562582016
0.04354676604270935
0.03674246370792389
0.044463079422712326
0.05011291429400444
0.04255494475364685
0.045491233468055725
0.04130178317427635
0.04011667147278786
0.0416390635073185
0.04209942743182182
0.04619818925857544
0.04494953528046608
0.04512147605419159
0.045189108699560165
0.038905587047338486
0.04226688668131828
0.037694476544857025
0.07456221431493759
0.0416458323597908
0.05236467346549034
0.039893943816423416
0.041607536375522614
0.042093124240636826
0.0384606309235096
0.056717026978731155
0.05281129106879234
0.045689091086387634
0.04284350574016571
0.04794345796108246
0.04378967359662056
0.043889183551073074
0.053249794989824295
0.040604036301374435
0.04022509232163429
0.04003763571381569
0.03940636292099953
0.0492575466632843
0.04112107679247856
0.0612206906080246
0.049484360963106155
0.040023092180490494
0.0392160601913929
0.03802823647856712
0.03993987664580345
0.043226417154073715
0.06258199363946915
0.04323437437415123
0.04442984238266945
0.03970501571893692
0.04224087670445442
0.043552953749895096
0.0393725223839283
0.0427396297454834
0.042335618287324905
0.03778253495693207
0.04157675430178642
0.04244053363800049
0.04165811464190483
0.047308702021837234
0.05246099829673767
0.046572405844926834
0.039513491094112396
0.0384833998978138
0.046201806515455246
0.04060136899352074
0.03830118849873543
0.05434131249785423
0.05334177985787392
0.04247240722179413
0.03879968449473381
0.0434507317841053
0.034970398992300034
0.045230183750391006
0.04985252022743225
0.044536709785461426
0.040473002940416336
0.03928272798657417
0.03902179002761841
0.04019606485962868
0.042445000261068344
0.05304107069969177
0.03589992970228195
0.03977808728814125
0.04012337699532509
0.04461059346795082
0.03671056032180786
0.040509726852178574
0.052946072071790695
0.039239972829818726
0.03745180740952492
0.03832920268177986
0.04081685096025467
0.038887206465005875
0.043568458408117294
0.06074393913149834
0.038639746606349945
0.03828936442732811
0.03581896051764488
0.041317228227853775
0.04079265519976616
0.04066213592886925
0.051927726715803146
0.0405755415558815
0.03816341236233711
0.04466565325856209
0.04231378808617592
0.04218761995434761
0.03905845433473587
0.0496794618666172
0.04714150354266167
0.0376412607729435
0.04175073280930519
0.03807942941784859
0.04030141606926918
0.03855593129992485
0.06094961240887642
0.040047358721494675
0.04090499505400658
0.0422639399766922
0.040018949657678604
0.03849663585424423
0.04117733612656593
0.061807405203580856
0.04649284482002258
0.04130024462938309
0.04442918300628662
0.03616873547434807
0.044908925890922546
0.039374735206365585
0.04852299019694328
0.03987688943743706
0.037172310054302216
0.04231319949030876
0.03966581076383591
0.03610977903008461
0.038670774549245834
0.04424198344349861
0.04385870322585106
0.03596309944987297
0.036151085048913956
0.03803316503763199
0.04009241983294487
0.03735518082976341
0.04805518686771393
0.04438549280166626
0.043225597590208054
0.04431822896003723
0.03995383158326149
0.042450014501810074
0.03655299171805382
0.05882972106337547
0.0382499061524868
0.043089255690574646
0.04642723128199577
0.0423855297267437
0.04084884002804756
0.03600127249956131
0.06281876564025879
0.042724791914224625
0.04651442542672157
0.041609350591897964
0.04829125478863716
0.03865433856844902
0.036309439688920975
0.0711742416024208
0.040656376630067825
0.038786984980106354
0.04073883965611458
0.03627787157893181
0.039713695645332336
0.0437229759991169
0.051516368985176086
0.03772846609354019
0.04045800492167473
0.03952929750084877
0.041107986122369766
0.04465643689036369
0.04183712601661682
0.05635373666882515
0.03950504958629608
0.04295456036925316
0.03864700719714165
0.042036205530166626
0.04465848207473755
0.03792157769203186
0.04804065823554993
0.04199729487299919
0.04510356858372688
0.04888690635561943
0.04399874806404114
0.03934540972113609
0.03891535475850105
0.050927918404340744
0.045451391488313675
0.04018555209040642
0.043830886483192444
0.039208244532346725
0.03928160294890404
0.03955662623047829
0.0512731559574604
0.03668671473860741
0.0405108667910099
0.039846207946538925
0.03729928657412529
0.04506543651223183
0.03668864443898201
0.049982842057943344
0.044136468321084976
0.03878161683678627
0.040834855288267136
0.03750775381922722
0.04435506463050842
0.04064412787556648
0.04984363913536072
0.04685738682746887
0.04507654532790184
0.044532228261232376
0.034655142575502396
0.03667931258678436
0.04345785453915596
0.05994008108973503
0.03969956561923027
0.04092970862984657
0.039020080119371414
0.03927973285317421
0.04178107902407646
0.035543736070394516
0.05300591513514519
0.032838124781847
0.044687867164611816
0.04432457685470581
0.03972628340125084
0.04252374544739723
0.03501346334815025
0.04936720430850983
0.036692455410957336
0.03889328986406326
0.04010644927620888
0.04463496431708336
0.03754080459475517
0.04114314168691635
0.05217630788683891
0.0438065379858017
0.04010440781712532
0.036075618118047714
0.045869018882513046
0.04388520494103432
0.04066905751824379
0.04371323063969612
0.04101173207163811
0.03621162101626396
0.04029403254389763
0.037870269268751144
0.03550509735941887
0.03608878329396248
0.050483644008636475
0.044042039662599564
0.03536185249686241
0.03909479081630707
0.036369889974594116
0.03821178898215294
0.03651028499007225
0.038554999977350235
0.03911310434341431
0.03631661459803581
0.036792829632759094
0.03638472035527229
0.035304754972457886
0.03606688603758812
0.06791871041059494
0.03582523763179779
0.04703995957970619
0.046368468552827835
0.03969762101769447
0.05117357149720192
0.04050271958112717
0.053227499127388
0.040020957589149475
0.043999362736940384
0.0360121876001358
0.041112158447504044
0.03809322044253349
0.03680446743965149
0.04249008372426033
0.03794354572892189
0.03722023218870163
0.035466719418764114
0.03964238613843918
0.039379142224788666
0.04143092781305313
0.04643247649073601
0.03938640281558037
0.04366821050643921
0.03947862237691879
0.03998834639787674
0.039508137851953506
0.03810390830039978
0.04884101822972298
0.04186852648854256
0.03695692494511604
0.04376807436347008
0.036635447293519974
0.042404334992170334
0.03802559897303581
0.04937215521931648
0.036966897547245026
0.04069212079048157
0.04079752787947655
0.042112577706575394
0.03907467797398567
0.034521639347076416
0.05158792808651924
0.04361139237880707
0.03824198246002197
0.041248615831136703
0.04033975675702095
0.03672639653086662
0.03872751072049141
0.06067527458071709
0.03640039637684822
0.0360877551138401
0.04037312790751457
0.04321485757827759
0.038619257509708405
0.04081122204661369
0.048676859587430954
0.036819759756326675
0.04128547012805939
0.041091445833444595
0.04126930609345436
0.037104640156030655
0.040557410567998886
0.06864547729492188
0.045471981167793274
0.03786678612232208
0.03905683010816574
0.04678012430667877
0.044257309287786484
0.040708739310503006
0.0467313788831234
0.03621044382452965
0.043813470751047134
0.040622610598802567
0.03900966793298721
0.044348809868097305
0.03698929771780968
0.047622669488191605
0.03687367960810661
0.03415505215525627
0.04364991560578346
0.04124809056520462
0.041230540722608566
0.0446772463619709
0.04967521131038666
0.04214661940932274
0.040856897830963135
0.03915536031126976
0.03758661821484566
0.03859864920377731
0.03615287318825722
0.05000678822398186
0.04301498457789421
0.03931880369782448
0.04073570668697357
0.04698903486132622
0.03569474443793297
0.04171035811305046
0.049874525517225266
0.047153741121292114
0.03353277966380119
0.04175226390361786
0.03810780122876167
0.04716990515589714
0.03904856741428375
0.05378663167357445
0.038999203592538834
0.03634427860379219
0.03671163693070412
0.037499334663152695
0.041861679404973984
0.043930381536483765
0.056295592337846756
0.045408543199300766
0.03756684809923172
0.034908827394247055
0.033002156764268875
0.037702444940805435
0.04318365454673767
0.06339409202337265
0.03699781373143196
0.039272453635931015
0.03658364340662956
0.038155216723680496
0.03985021635890007
0.03886380419135094
0.049229007214307785
0.043456241488456726
0.04169641062617302
0.03593313694000244
0.03833669796586037
0.04214905574917793
0.03807531297206879
0.045456450432538986
0.03577212616801262
0.04388563707470894
0.03900669887661934
0.04265930876135826
0.03586333990097046
0.040917638689279556
0.041278332471847534
0.034684669226408005
0.04108753800392151
0.039956141263246536
0.03779652342200279
0.03460926562547684
0.036338623613119125
0.04674847424030304
0.03643426299095154
0.035705458372831345
0.03441809117794037
0.04036002233624458
0.03935626149177551
0.040575284510850906
0.0698130652308464
0.0379435233771801
0.041560593992471695
0.04024991765618324
0.03622223809361458
0.03387535735964775
0.039485108107328415
0.07657942920923233
0.03767235949635506
0.037541043013334274
0.042680367827415466
0.042740922421216965
0.04133524373173714
0.0393153615295887
0.06278716772794724
0.036816004663705826
0.03897026553750038
0.043459441512823105
0.03674749284982681
0.042894478887319565
0.035669390112161636
0.03481898829340935
0.034296851605176926
0.03753923997282982
0.040564317256212234
0.03797591105103493
0.03989739343523979
0.03599908947944641
0.06037328764796257
0.04131060466170311
0.03701311722397804
0.040988191962242126
0.03881063684821129
0.03314926102757454
0.03622011840343475
0.0494573600590229
0.04030672088265419
0.040738269686698914
0.03538084775209427
0.036145251244306564
0.03529435396194458
0.038722455501556396
0.04365931451320648
0.03539111092686653
0.0387127622961998
0.039517078548669815
0.03694319352507591
0.041205812245607376
0.04114718362689018
0.053702425211668015
0.046431586146354675
0.04112537205219269
0.04188525676727295
0.04046563804149628
0.03789183869957924
0.04232804477214813
0.04729366675019264
0.034069228917360306
0.03731708228588104
0.0403500460088253
0.038113463670015335
0.03495525196194649
0.0387328676879406
0.06448113918304443
0.03859291598200798
0.04018918052315712
0.04614308103919029
0.03883083164691925
0.03867308422923088
0.03475932776927948
0.05531292036175728
0.03407260403037071
0.04019457474350929
0.03263311833143234
0.03641631826758385
0.03637917339801788
0.04173300042748451
0.062295347452163696
0.03644801676273346
0.03807322308421135
0.03715655580163002
0.04014362022280693
0.037192393094301224
0.03893052414059639
0.055826809257268906
0.04006287083029747
0.04121224582195282
0.04590996727347374
0.034671198576688766
0.038960982114076614
0.03407415375113487
0.061056654900312424
0.034138623625040054
0.03896598517894745
0.04032181575894356
0.03592493012547493
0.038770031183958054
0.03662775456905365
0.05507354810833931
0.03906219080090523
0.04317741096019745
0.04017508402466774
0.03845922276377678
0.03712299466133118
0.03711378946900368
0.04360617697238922
0.04003660008311272
0.033521868288517
0.04445461928844452
0.03893690183758736
0.040664996951818466
0.03608190640807152
0.048002272844314575
0.03659658506512642
0.0376322865486145
0.036079030483961105
0.039694394916296005
0.038885604590177536
0.03251146897673607
0.05616137385368347
0.042225733399391174
0.03831487521529198
0.038475606590509415
0.03487733379006386
0.04233814403414726
0.03509705886244774
0.05149082466959953
0.03975028172135353
0.04263763129711151
0.03889229893684387
0.03992054983973503
0.031847890466451645
0.036601219326257706
0.055991072207689285
0.04255807027220726
0.035645991563797
0.03749513253569603
0.036705464124679565
0.035586800426244736
0.03945852443575859
0.045254696160554886
0.03408876433968544
0.03556416556239128
0.04151291027665138
0.03712394833564758
0.04223611578345299
0.03917410224676132
0.05728037655353546
0.0377008430659771
0.04055145010352135
0.0401877798140049
0.040400903671979904
0.03703673183917999
0.03686036914587021
0.04028424248099327
0.03493279591202736
0.03921438381075859
0.03561948612332344
0.03289683163166046
0.04186323285102844
0.03842620179057121
0.045331139117479324
0.03909597918391228
0.04097166657447815
0.0378589853644371
0.03514670953154564
0.04170164465904236
0.038812022656202316
0.0643109679222107
0.04423689842224121
0.04106346517801285
0.03506191074848175
0.037699174135923386
0.038510579615831375
0.03991149365901947
0.049979519098997116
0.04055549576878548
0.03808900713920593
0.04247783496975899
0.03498389944434166
0.03686748817563057
0.03338951990008354
0.045146044343709946
0.03958373889327049
0.03525271639227867
0.03452708199620247
0.036051053553819656
0.03671469911932945
0.03837346285581589
0.04420064762234688
0.04204156622290611
0.03712978586554527
0.044812098145484924
0.03554464504122734
0.03643536567687988
0.043995361775159836
0.0433395616710186
0.03584382310509682
0.04423271492123604
0.03605636581778526
0.04330800473690033
0.04093010351061821
0.03303825855255127
0.04384608194231987
0.03861745446920395
0.0361451618373394
0.03539544716477394
0.03717007115483284
0.034941378980875015
0.033451519906520844
0.053845684975385666
0.04079725220799446
0.04333191737532616
0.03862973675131798
0.042027875781059265
0.04246680811047554
0.037744514644145966
0.05402110144495964
0.03725488483905792
0.04161331430077553
0.03991030529141426
0.03325096145272255
0.03786136955022812
0.0403340645134449
0.04535854980349541
0.03906915709376335
0.04425917565822601
0.043937429785728455
0.03970872238278389
0.040728647261857986
0.04138929396867752
0.04131947457790375
0.034997228533029556
0.0396047867834568
0.038176003843545914
0.038701366633176804
0.034001417458057404
0.039490971714258194
0.05489352345466614
0.0371081717312336
0.037662751972675323
0.03889305517077446
0.03757746145129204
0.03375876694917679
0.03827017918229103
0.04542241618037224
0.03729919716715813
0.04082360118627548
0.040328796952962875
0.03680743649601936
0.03848019242286682
0.0328112356364727
0.055087897926568985
0.04282176122069359
0.03552888333797455
0.0360405370593071
0.04071277379989624
0.03279910609126091
0.03613269329071045
0.09063921123743057
0.04335734248161316
0.046764034777879715
0.045909520238637924
0.041990797966718674
0.04359085485339165
0.03571838513016701
0.04849565029144287
0.04154472425580025
0.03994482383131981
0.045644525438547134
0.041846513748168945
0.04319571331143379
0.037604544311761856
0.045987170189619064
0.038411349058151245
0.03685056045651436
0.0341988131403923
0.04759742319583893
0.03996584936976433
0.03697130084037781
0.04549625515937805
0.03642227128148079
0.04096278175711632
0.036785468459129333
0.03698373958468437
0.03654167428612709
0.03514174371957779
0.045990362763404846
0.03661865368485451
0.03939511254429817
0.03539595380425453
0.03407907485961914
0.039998043328523636
0.03454170003533363
0.04091431573033333
0.03780023008584976
0.03543209657073021
0.03693100064992905
0.035327885299921036
0.039320629090070724
0.034881316125392914
0.054279010742902756
0.03604157641530037
0.038601819425821304
0.03874342516064644
0.03901105746626854
0.036106377840042114
0.03446172922849655
0.046395670622587204
0.03568680211901665
0.03445322439074516
0.03739570453763008
0.0338345468044281
0.046840850263834
0.03827480599284172
0.042707543820142746
0.03563864156603813
0.044090792536735535
0.03642949089407921
0.03892650827765465
0.0367104671895504
0.03991778567433357
0.05628682300448418
0.04319534823298454
0.03518632426857948
0.03949173912405968
0.038784053176641464
0.03810243681073189
0.03667231276631355
0.04272947087883949
0.042140230536460876
0.04479113593697548
0.044793080538511276
0.0394689105451107
0.04126935824751854
0.03323165327310562
0.04441654682159424
0.044440340250730515
0.035858213901519775
0.03752448037266731
0.03363407030701637
0.038892265409231186
0.037335775792598724
0.042453303933143616
0.03703954070806503
0.03616206720471382
0.04189324006438255
0.03736985847353935
0.05126273259520531
0.03527204319834709
0.03978997841477394
0.03936238959431648
0.03833608701825142
0.03423918038606644
0.035342294722795486
0.03435264900326729
0.03296282887458801
0.05724262073636055
0.03704443946480751
0.04072901979088783
0.03778861090540886
0.03638032078742981
0.04060627520084381
0.034931812435388565
0.04453149810433388
0.039808060973882675
0.03822954371571541
0.03563984856009483
0.034754667431116104
0.035995010286569595
0.035874661058187485
0.04564244672656059
0.03672287240624428
0.03466391563415527
0.03605613112449646
0.036149945110082626
0.03717419132590294
0.04390570893883705
0.041780341416597366
0.03898022696375847
0.03401700779795647
0.03567209094762802
0.03289387747645378
0.0356471985578537
0.037335146218538284
0.0511956661939621
0.036548323929309845
0.034032948315143585
0.03318588808178902
0.042261164635419846
0.038220662623643875
0.036329615861177444
0.056717172265052795
0.03481275588274002
0.036173298954963684
0.03551379218697548
0.03891924396157265
0.036018114537000656
0.03465498611330986
0.0460071861743927
0.03707432374358177
0.03487260639667511
0.03365495800971985
0.036539431661367416
0.03639156371355057
0.03889859840273857
0.05038343742489815
0.03634130209684372
0.03525427728891373
0.036680351942777634
0.03323666751384735
0.032356586307287216
0.04062874987721443
0.036699481308460236
0.030931299552321434
0.041273921728134155
0.03828242048621178
0.034040387719869614
0.03235911950469017
0.043937500566244125
0.046326424926519394
0.036010850220918655
0.03600894287228584
0.038938008248806
0.040995460003614426
0.035347096621990204
0.034371498972177505
0.045662928372621536
0.035434190183877945
0.03627945855259895
0.04012923315167427
0.03459369018673897
0.0327288843691349
0.03760816529393196
0.05556575581431389
0.03845340386033058
0.034877482801675797
0.03807258605957031
0.03481404855847359
0.03466162085533142
0.03518577292561531
0.06744665652513504
0.04653778299689293
0.04337700083851814
0.04493984952569008
0.04299573972821236
0.03673418611288071
0.04674282670021057
0.05522863194346428
0.04007852077484131
0.04181646183133125
0.03715885803103447
0.03697621449828148
0.03751872107386589
0.03778313100337982
0.060969769954681396
0.03909861296415329
0.03506800904870033
0.037728581577539444
0.04294920340180397
0.03848033770918846
0.03541191667318344
0.044379208236932755
0.038402654230594635
0.039903637021780014
0.03810790926218033
0.0365297831594944
0.03853432461619377
0.0372537262737751
0.041625309735536575
0.03714650496840477
0.040831342339515686
0.04182720184326172
0.035710327327251434
0.037640638649463654
0.03768863156437874
0.037585142999887466
0.036744263023138046
0.04058614373207092
0.03535072132945061
0.038463663309812546
0.03493785113096237
0.03686609864234924
0.069161057472229
0.04180767014622688
0.03839019313454628
0.03815753385424614
0.04123804345726967
0.03660677373409271
0.03628430515527725
0.05170057341456413
0.0410701148211956
0.042930718511343
0.034395165741443634
0.04445747658610344
0.037748996168375015
0.03276239335536957
0.0473511628806591
0.0376630499958992
0.036689989268779755
0.03509736806154251
0.03413695469498634
0.036961257457733154
0.03198383376002312
0.03665858507156372
0.03312133252620697
0.03495250269770622
0.03294365853071213
0.03324318677186966
0.037783484905958176
0.036230940371751785
0.06586606055498123
0.04077225923538208
0.04444262012839317
0.04156791791319847
0.044489677995443344
0.04641230031847954
0.03863903880119324
0.0580034963786602
0.03801373019814491
0.0381673239171505
0.03900977596640587
0.038493890315294266
0.03407726809382439
0.0395335890352726
0.0493348129093647
0.04153396561741829
0.037954751402139664
0.04199155047535896
0.03643498942255974
0.04157495126128197
0.03204144164919853
0.040803272277116776
0.03723287209868431
0.03445417061448097
0.03504706174135208
0.034424521028995514
0.04028676077723503
0.03616320714354515
0.04108479991555214
0.032856058329343796
0.0372907929122448
0.034568510949611664
0.03616737201809883
0.035325899720191956
0.036290012300014496
0.08538281917572021
0.040659308433532715
0.03906093165278435
0.040100473910570145
0.040318671613931656
0.03814593330025673
0.03220857307314873
0.049641698598861694
0.037089377641677856
0.03651507571339607
0.03535515442490578
0.03680742159485817
0.03837595134973526
0.04383252188563347
0.05861648917198181
0.04918702319264412
0.03389757499098778
0.03639443218708038
0.03689397871494293
0.03682609647512436
0.03512986749410629
0.04293389245867729
0.03226015716791153
0.0343497060239315
0.034665320068597794
0.033436208963394165
0.036502569913864136
0.037078507244586945
0.043972570449113846
0.039238397032022476
0.03594052419066429
0.03843134269118309
0.03676566481590271
0.039067476987838745
0.0371713750064373
0.0490945428609848
0.038815129548311234
0.033831071108579636
0.03869573026895523
0.03572748601436615
0.0340447872877121
0.03270934522151947
0.05279847979545593
0.03657922521233559
0.04047883674502373
0.036813896149396896
0.03620171919465065
0.033207882195711136
0.037195056676864624
0.0583665631711483
0.03553631529211998
0.038376856595277786
0.03453053906559944
0.035784751176834106
0.038562655448913574
0.03461473807692528
0.04905853793025017
0.03651958703994751
0.037982162088155746
0.03830522298812866
0.03843272849917412
0.03333284333348274
0.03601710870862007
0.04706462100148201
0.0466439388692379
0.04390059784054756
0.03414951264858246
0.042002443224191666
0.030311234295368195
0.04024745523929596
0.03788057342171669
0.030496591702103615
0.03715740516781807
0.037898123264312744
0.035030096769332886
0.03755084425210953
0.036674629896879196
0.04299389198422432
0.038730498403310776
0.03529279679059982
0.0347813181579113
0.03549341484904289
0.03135473653674126
0.03890841826796532
0.0462535060942173
0.030720336362719536
0.036104414612054825
0.031164398416876793
0.044046565890312195
0.038822028785943985
0.03420621529221535
0.034891560673713684
0.03480252996087074
0.03436683490872383
0.03542442247271538
0.035508763045072556
0.02902681566774845
0.03881816193461418
0.05189836025238037
0.03442556783556938
0.03178887441754341
0.035128649324178696
0.03576195612549782
0.04461256042122841
0.030805565416812897
0.05423777177929878
0.03410542756319046
0.03157630190253258
0.036462802439928055
0.03628716245293617
0.03491225838661194
0.0356559120118618
0.05691627040505409
0.040332648903131485
0.04130936041474342
0.03306565061211586
0.03487198054790497
0.03483040630817413
0.03864283114671707
0.04080405831336975
0.03264628350734711
0.033900901675224304
0.038106612861156464
0.03684982657432556
0.03820561245083809
0.03621553257107735
0.03747732564806938
0.035005539655685425
0.03361886367201805
0.03820418566465378
0.03401939943432808
0.038017094135284424
0.03445935994386673
0.051311057060956955
0.03690847381949425
0.03392048552632332
0.036419812589883804
0.03480733931064606
0.03393574059009552
0.0319417268037796
0.06209030747413635
0.031213143840432167
0.033506330102682114
0.0347345806658268
0.03720494732260704
0.04035879299044609
0.03426305577158928
0.04934116080403328
0.03974941000342369
0.033684395253658295
0.03326544165611267
0.036281343549489975
0.03693867847323418
0.043655116111040115
0.03811730816960335
0.03444436565041542
0.0349462628364563
0.043687596917152405
0.03264631703495979
0.03721628710627556
0.03635529801249504
0.04784614220261574
0.03444227576255798
0.03292587772011757
0.03952999785542488
0.032864682376384735
0.03460322692990303
0.038830164819955826
0.054571688175201416
0.0338745154440403
0.0317847765982151
0.03334928676486015
0.033348698168992996
0.03636738657951355
0.03749591112136841
0.04501955583691597
0.03584187850356102
0.03231874108314514
0.03735562041401863
0.03607892990112305
0.03299012407660484
0.03294748067855835
0.05187539756298065
0.03980662301182747
0.03082757629454136
0.03382329270243645
0.03295606002211571
0.0369843989610672
0.034774016588926315
0.04979696869850159
0.03503959998488426
0.04185149446129799
0.034833166748285294
0.03538506478071213
0.035589709877967834
0.03321445360779762
0.04601776972413063
0.036316607147455215
0.033773649483919144
0.04008221998810768
0.03576583415269852
0.034902580082416534
0.031425248831510544
0.051788944751024246
0.041891586035490036
0.03520656004548073
0.03836458548903465
0.038554828613996506
0.03990129008889198
0.031867410987615585
0.04468598961830139
0.032170575112104416
0.03604000434279442
0.03255823254585266
0.037312690168619156
0.03372349962592125
0.03752635046839714
0.03896474465727806
0.0333365835249424
0.03974441811442375
0.03416983783245087
0.03356200084090233
0.03564530983567238
0.033600758761167526
0.04185397922992706
0.03184082731604576
0.030823564156889915
0.036582641303539276
0.03312935307621956
0.03586464747786522
0.04012800753116608
0.04314112663269043
0.033222343772649765
0.03499014303088188
0.03272293880581856
0.03134662285447121
0.03129802271723747
0.037272971123456955
0.05760827288031578
0.03683674335479736
0.03728803992271423
0.03791967034339905
0.03165820613503456
0.03982344642281532
0.03712005540728569
0.04501843824982643
0.03313080966472626
0.03782831132411957
0.0375361405313015
0.03329163417220116
0.03609445318579674
0.03397716209292412
0.04979535937309265
0.03502374142408371
0.034509144723415375
0.03292527049779892
0.03563737869262695
0.032780442386865616
0.03864156827330589
0.043977078050374985
0.03334914147853851
0.03673762083053589
0.030801517888903618
0.03576648607850075
0.033266011625528336
0.037444259971380234
0.0638989508152008
0.03319750726222992
0.0365229956805706
0.03588727489113808
0.04112673178315163
0.03172024339437485
0.03716816008090973
0.04716264083981514
0.03372010216116905
0.03576316684484482
0.03219728544354439
0.03489251434803009
0.03422611951828003
0.04384106770157814
0.05171159282326698
0.042055677622556686
0.03179767355322838
0.03600719943642616
0.03418731316924095
0.031248733401298523
0.03485826030373573
0.04572272300720215
0.0358726866543293
0.032759446650743484
0.033791664987802505
0.038351718336343765
0.03643946722149849
0.03289969637989998
0.03998640179634094
0.04294862970709801
0.03630933165550232
0.03467869758605957
0.03481369838118553
0.03615333139896393
0.029707662761211395
0.039394643157720566
0.03453605994582176
0.0330718569457531
0.03571737930178642
0.03665145859122276
0.02852843888103962
0.03433014079928398
0.041505951434373856
0.03437713161110878
0.03662661835551262
0.03456458821892738
0.0319858193397522
0.03761610761284828
0.036966267973184586
0.045493513345718384
0.03621591255068779
0.03393718600273132
0.03868832066655159
0.03535735234618187
0.032170265913009644
0.03298546001315117
0.05414837226271629
0.03756284713745117
0.03689884766936302
0.031130896881222725
0.038659680634737015
0.03830743208527565
0.036120738834142685
0.05636414512991905
0.034843750298023224
0.03704075887799263
0.03671835735440254
0.03889899328351021
0.03710254654288292
0.03271845355629921
0.035179879516363144
0.033762384206056595
0.030202293768525124
0.03741615638136864
0.0336155891418457
0.037318214774131775
0.03066614270210266
0.03955545648932457
0.0356694795191288
0.03215845674276352
0.035202834755182266
0.035048019140958786
0.03963414579629898
0.03802051022648811
0.04104307293891907
