0.8263487815856934
0.7890331745147705
0.7213294506072998
0.635952889919281
0.6005488634109497
0.5301094055175781
0.4979628920555115
0.48246777057647705
0.45550310611724854
0.41451287269592285
0.39642032980918884
0.3878822326660156
0.36282670497894287
0.3333117961883545
0.32310667634010315
0.31725385785102844
0.32177436351776123
0.2828966975212097
0.27764183282852173
0.28078392148017883
0.28625965118408203
0.25972098112106323
0.24241755902767181
0.2595902383327484
0.2618618905544281
0.24881891906261444
0.2273765206336975
0.22796103358268738
0.22344601154327393
0.21863345801830292
0.2342078685760498
0.24185782670974731
0.2195349633693695
0.2070716917514801
0.18648555874824524
0.213489830493927
0.2277582287788391
0.19761131703853607
0.2260892242193222
0.20501437783241272
0.19310152530670166
0.17251724004745483
0.20884624123573303
0.19675736129283905
0.2014840543270111
0.18947641551494598
0.20200416445732117
0.18363773822784424
0.1792701780796051
0.20159588754177094
0.19671039283275604
0.1858360469341278
0.17313852906227112
0.19206130504608154
0.17361031472682953
0.16893619298934937
0.17756560444831848
0.18637016415596008
0.16523435711860657
0.17809155583381653
0.17595331370830536
0.16722670197486877
0.17638789117336273
0.1880161166191101
0.17386852204799652
0.17350219190120697
0.15906566381454468
0.17157888412475586
0.17128732800483704
0.19794043898582458
0.1949695646762848
0.17625007033348083
0.16108110547065735
0.207351952791214
0.1582590639591217
0.16764694452285767
0.1504937708377838
0.17238923907279968
0.1648813784122467
0.18390566110610962
0.15858784317970276
0.15495601296424866
0.14882764220237732
0.16224217414855957
0.18771907687187195
0.1510947197675705
0.15981660783290863
0.14730264246463776
0.15257495641708374
0.1509941965341568
0.16629473865032196
0.15416237711906433
0.15503834187984467
0.16453099250793457
0.1423022449016571
0.15817904472351074
0.1504479944705963
0.15677475929260254
0.1526777148246765
0.15000595152378082
0.1448860466480255
0.15026037395000458
0.15839388966560364
0.1494799554347992
0.16926491260528564
0.15284544229507446
0.14713458716869354
0.13417360186576843
0.13939060270786285
0.15568064153194427
0.14697450399398804
0.14290902018547058
0.15222889184951782
0.14187613129615784
0.14151249825954437
0.14348125457763672
0.1412470042705536
0.1374095380306244
0.17738305032253265
0.13808491826057434
0.15359234809875488
0.15270668268203735
0.14022161066532135
0.1424584984779358
0.14229968190193176
0.13875457644462585
0.14210104942321777
0.14559613168239594
0.13872937858104706
0.14319106936454773
0.13873063027858734
0.13038279116153717
0.16133084893226624
0.1418958306312561
0.13456659018993378
0.12807956337928772
0.1333211362361908
0.14930494129657745
0.13895994424819946
0.1419093906879425
0.13698606193065643
0.1342708170413971
0.12579329311847687
0.12493781745433807
0.13460662961006165
0.13438449800014496
0.15911433100700378
0.1268197000026703
0.12987083196640015
0.13424015045166016
0.12706828117370605
0.13651180267333984
0.13468486070632935
0.14041820168495178
0.12592965364456177
0.1265595555305481
0.13190940022468567
0.12367881834506989
0.14105483889579773
0.12816812098026276
0.14423570036888123
0.12416871637105942
0.12609919905662537
0.11311371624469757
0.14552505314350128
0.13160711526870728
0.11844977736473083
0.15415343642234802
0.12847642600536346
0.12230339646339417
0.12329486012458801
0.12506672739982605
0.12163025140762329
0.11527951061725616
0.14700090885162354
0.11440076678991318
0.12238409370183945
0.11765739321708679
0.12334634363651276
0.13309350609779358
0.11535190790891647
0.14895331859588623
0.12389487028121948
0.11870734393596649
0.12472810596227646
0.11778067797422409
0.11849707365036011
0.12157412618398666
0.19005875289440155
0.13810940086841583
0.13323372602462769
0.1277981698513031
0.12273344397544861
0.11164236068725586
0.135992631316185
0.15628135204315186
0.12152494490146637
0.12203024327754974
0.1151103675365448
0.11034902185201645
0.12096640467643738
0.11870980262756348
0.14102326333522797
0.11665911972522736
0.12164487689733505
0.1302175521850586
0.11202948540449142
0.11687488853931427
0.10795252025127411
0.14493179321289062
0.11058065295219421
0.11571937054395676
0.10263790190219879
0.1213362067937851
0.11579963564872742
0.10652109980583191
0.1524582803249359
0.11905990540981293
0.11557236313819885
0.11982648819684982
0.12902945280075073
0.11006682366132736
0.11244606226682663
0.1175772100687027
0.11656545102596283
0.12356162071228027
0.12412655353546143
0.1164202019572258
0.11104923486709595
0.10046776384115219
0.13844943046569824
0.10735610127449036
0.1163058802485466
0.1000259667634964
0.10436015576124191
0.11585729569196701
0.11897843331098557
0.13974817097187042
0.11545860022306442
0.12052913755178452
0.11361261457204819
0.11058639734983444
0.10255643725395203
0.11278962343931198
0.12057183682918549
0.10198144614696503
0.11763523519039154
0.1160791739821434
0.10677391290664673
0.10869640111923218
0.10389264672994614
0.12314411252737045
0.0989748165011406
0.11131849139928818
0.10746677964925766
0.1082497239112854
0.110532246530056
0.11410671472549438
0.10684043169021606
0.10071168839931488
0.09804798662662506
0.10870057344436646
0.10342585295438766
0.09782718867063522
0.10948862880468369
0.13277089595794678
0.10614985227584839
0.10990521311759949
0.10668976604938507
0.10944612324237823
0.10498356074094772
0.10269699990749359
0.10819893330335617
0.10661612451076508
0.09426560252904892
0.11097194999456406
0.10863660275936127
0.10341574251651764
0.0951865166425705
0.16234074532985687
0.13411173224449158
0.10435730218887329
0.10303297638893127
0.10395042598247528
0.09158903360366821
0.10941191017627716
0.10528194159269333
0.10036974400281906
0.09927555173635483
0.09639229625463486
0.09842965006828308
0.09968414902687073
0.09541641175746918
0.11980687826871872
0.08578263223171234
0.11170965433120728
0.09584291279315948
0.09060957282781601
0.10270234942436218
0.10927669703960419
0.11496620625257492
0.09776532649993896
0.0975477397441864
0.10180985182523727
0.09975363314151764
0.09856870025396347
0.08661164343357086
0.09920361638069153
0.08704336732625961
0.09177245944738388
0.09323513507843018
0.0936034545302391
0.08898304402828217
0.09341368079185486
0.10910268872976303
0.0843193382024765
0.10944696515798569
0.08791419118642807
0.08687908947467804
0.08949679136276245
0.09026922285556793
0.09068921208381653
0.09437906742095947
0.09870552271604538
0.09149551391601562
0.0864190012216568
0.09294396638870239
0.08559849113225937
0.10187219828367233
0.09657355397939682
0.07970333099365234
0.08700916171073914
0.08492055535316467
0.09197355806827545
0.0924508199095726
0.10209956765174866
0.09046386927366257
0.08512108772993088
0.09409558773040771
0.08500801771879196
0.08328279107809067
0.09421556442975998
0.08404029905796051
0.08836167305707932
0.08290817588567734
0.08987846225500107
0.09112775325775146
0.08552014082670212
0.08187030255794525
0.08273659646511078
0.07928697019815445
0.09022647142410278
0.0865854024887085
0.07725897431373596
0.08751094341278076
0.10113455355167389
0.1114027351140976
0.0830347016453743
0.09058690071105957
0.09023063629865646
0.0896991714835167
0.08360189199447632
0.0822080448269844
0.10183529555797577
0.08458317816257477
0.08719559758901596
0.0830393135547638
0.08564117550849915
0.08672221004962921
0.08157461136579514
0.09130948036909103
0.0844220519065857
0.08367868512868881
0.07920650392770767
0.07938748598098755
0.08445416390895844
0.08342818915843964
0.08595190942287445
0.08205302059650421
0.07902778685092926
0.08217820525169373
0.07643964886665344
0.07878101617097855
0.07746807485818863
0.1415451169013977
0.0881698727607727
0.08568035066127777
0.08326985687017441
0.08496745675802231
0.08529093861579895
0.08094709366559982
0.0937008261680603
0.0763406902551651
0.08353641629219055
0.08999276161193848
0.08567105233669281
0.0819649025797844
0.07496614009141922
0.09606689214706421
0.09337829053401947
0.08455443382263184
0.07966911792755127
0.08460259437561035
0.07240435481071472
0.07528376579284668
0.09540161490440369
0.08187037706375122
0.07836055755615234
0.07422316819429398
0.07796773314476013
0.07802382111549377
0.0775453969836235
0.07874754071235657
0.08011454343795776
0.08117321133613586
0.07779254019260406
0.07500028610229492
0.07619193196296692
0.08026312291622162
0.08902068436145782
0.07878748327493668
0.08793964236974716
0.07459928840398788
0.07733110338449478
0.07199100404977798
0.07497946918010712
0.08276934176683426
0.0721147358417511
0.07511990517377853
0.07542572170495987
0.0710207000374794
0.07346562296152115
0.0822543352842331
0.11995725333690643
0.07213951647281647
0.08302745968103409
0.07159223407506943
0.08954760432243347
0.07894577085971832
0.07752841711044312
0.09844665229320526
0.07627050578594208
0.07313553243875504
0.07656390219926834
0.08178027719259262
0.06749007105827332
0.07343904674053192
0.10182764381170273
0.07262760400772095
0.0772974044084549
0.07023315131664276
0.06761244684457779
0.07258349657058716
0.08198875188827515
0.07757354527711868
0.0748676210641861
0.07703498750925064
0.07636798918247223
0.06668055057525635
0.0738367885351181
0.06772903352975845
0.10079028457403183
0.07027686387300491
0.07012505829334259
0.07742761075496674
0.0778188407421112
0.07477323710918427
0.0725308209657669
0.11833545565605164
0.07834944874048233
0.07277935743331909
0.08231110125780106
0.0709533840417862
0.07126356661319733
0.06975207477807999
0.07656583935022354
0.07402877509593964
0.0708489939570427
0.0698605626821518
0.07196715474128723
0.0759829580783844
0.08261056244373322
0.10898753255605698
0.0808742418885231
0.09914638102054596
0.07016941159963608
0.07655154168605804
0.07352777570486069
0.07472893595695496
0.07530977576971054
0.06443113833665848
0.07378055155277252
0.06394253671169281
0.07696986943483353
0.06396795809268951
0.06748642027378082
0.08806492388248444
0.07971804589033127
0.07022292912006378
0.06676499545574188
0.06944652646780014
0.06550824642181396
0.06725455820560455
0.07337342202663422
0.06476413458585739
0.08101332187652588
0.07172366976737976
0.07014202326536179
0.07084769010543823
0.06760254502296448
0.07863104343414307
0.0649566650390625
0.07741343975067139
0.06944946944713593
0.07024624943733215
0.06930174678564072
0.06739739328622818
0.0774374008178711
0.06102868542075157
0.06945018470287323
0.06401447206735611
0.06650348007678986
0.06824862957000732
0.06756038963794708
0.08237242698669434
0.06339297443628311
0.0627238005399704
0.05961696058511734
0.06975457072257996
0.07283160090446472
0.06986494362354279
0.09829553216695786
0.07833460718393326
0.07859113812446594
0.06369362026453018
0.06631948053836823
0.07610978931188583
0.06601215898990631
0.08001366257667542
0.06624075770378113
0.06601948291063309
0.07458053529262543
0.06479246914386749
0.06474915146827698
0.0718267410993576
0.0814189463853836
0.0636848658323288
0.06198550760746002
0.06069907546043396
0.06504281610250473
0.06116378307342529
0.07826030254364014
0.10431210696697235
0.07265238463878632
0.07695022225379944
0.06682112067937851
0.07021873444318771
0.06648916006088257
0.06237111613154411
0.0902264341711998
0.06738466024398804
0.06708069890737534
0.06137128919363022
0.06805825978517532
0.06787866353988647
0.06456349045038223
0.0746435895562172
0.05994364246726036
0.07323318719863892
0.05928237736225128
0.06871719658374786
0.06433205306529999
0.06122114881873131
0.07121913880109787
0.06365986913442612
0.06227530166506767
0.06338821351528168
0.06947194039821625
0.05954010412096977
0.06075192242860794
0.09030652046203613
0.06725426763296127
0.06708577275276184
0.0702003538608551
0.06524016708135605
0.05958082526922226
0.05903330072760582
0.07287366688251495
0.06425688415765762
0.06812749803066254
0.058172132819890976
0.06424783170223236
0.06278254836797714
0.060991719365119934
0.0666612982749939
0.05785243213176727
0.06978029012680054
0.06881933659315109
0.058862484991550446
0.0602693185210228
0.0616929829120636
0.08511677384376526
0.06502996385097504
0.058822061866521835
0.0572124682366848
0.07276643812656403
0.054715655744075775
0.061694756150245667
0.07397331297397614
0.05978181213140488
0.059250764548778534
0.06705407798290253
0.06451965868473053
0.05587591975927353
0.062423672527074814
0.09020327031612396
0.06724965572357178
0.06021560728549957
0.05944729968905449
0.06797927618026733
0.05968330428004265
0.057802967727184296
0.06821207702159882
0.06508009135723114
0.06283017247915268
0.05517612397670746
0.06029130518436432
0.060415059328079224
0.05806370824575424
0.08207972347736359
0.06362374126911163
0.06721547245979309
0.054306648671627045
0.054768338799476624
0.05619663745164871
0.05571594834327698
0.08087170124053955
0.06721379607915878
0.055481187999248505
0.06105149909853935
0.057587504386901855
0.059928085654973984
0.05419537425041199
0.07725691795349121
0.05273347347974777
0.05584312975406647
0.056974973529577255
0.07011832296848297
0.05992652103304863
0.05757526680827141
0.0648665726184845
0.05595977604389191
0.0640997514128685
0.06248524785041809
0.05661720037460327
0.05623219907283783
0.05056827887892723
0.08957960456609726
0.07768253237009048
0.0580354705452919
0.06998425722122192
0.06407521665096283
0.06187240779399872
0.06602392345666885
0.08072543144226074
0.07125414907932281
0.05887490510940552
0.06077263876795769
0.057730354368686676
0.06179359555244446
0.05381377786397934
0.06643839180469513
0.053464870899915695
0.07499395310878754
0.05580289289355278
0.06420104205608368
0.055942993611097336
0.06087852641940117
0.0654306635260582
0.054206594824790955
0.053519636392593384
0.056201547384262085
0.06113220006227493
0.06231100112199783
0.05975736305117607
0.07602433860301971
0.05188468098640442
0.07687670737504959
0.05801908299326897
0.05755091458559036
0.054814662784338
0.06281059235334396
0.06590746343135834
0.05608970671892166
0.06133667379617691
0.061020832508802414
0.05370297282934189
0.05705117806792259
0.05329345166683197
0.054963305592536926
0.05215228348970413
0.057196713984012604
0.05553996190428734
0.059433527290821075
0.05253591760993004
0.05560991168022156
0.06706784665584564
0.0609242245554924
0.05973011255264282
0.053827911615371704
0.05115419253706932
0.06738533824682236
0.054136283695697784
0.0605190247297287
0.05041272193193436
0.04954877123236656
0.05245399475097656
0.054230134934186935
0.05848979204893112
0.05739077553153038
0.1297297477722168
0.0652817040681839
0.06878775358200073
0.0644042044878006
0.060280561447143555
0.05829288065433502
0.05785549432039261
0.08942393958568573
0.05993034690618515
0.0601004920899868
0.06545332819223404
0.0649498850107193
0.0576772466301918
0.061479322612285614
0.0978575050830841
0.060624346137046814
0.07171089947223663
0.0675157755613327
0.06219280883669853
0.06365256756544113
0.06505833566188812
0.07098208367824554
0.07365039736032486
0.057379670441150665
0.06689177453517914
0.06211460754275322
0.06028026342391968
0.059355758130550385
0.08187910169363022
0.059147413820028305
0.06339198350906372
0.05737055465579033
0.05489087849855423
0.056445684283971786
0.05461759492754936
0.07554204761981964
0.05686916038393974
0.05529732629656792
0.06076767295598984
0.054699189960956573
0.05054324120283127
0.06098198518157005
0.06677697598934174
0.0552152618765831
0.050980664789676666
0.05167778953909874
0.05920819565653801
0.05065985023975372
0.05633869394659996
0.07255780696868896
0.05390405282378197
0.05922098085284233
0.053550928831100464
0.05632763355970383
0.04719711095094681
0.05273634195327759
0.07367239892482758
0.05423615872859955
0.05720191448926926
0.05170026049017906
0.05573232099413872
0.05296239256858826
0.05167385935783386
0.06900367885828018
0.05408944934606552
0.05405504256486893
0.05629201978445053
0.04987277835607529
0.05714743584394455
0.05306943878531456
0.08228513598442078
0.059054236859083176
0.057115338742733
0.05042418837547302
0.055736854672431946
0.06199346482753754
0.04935809597373009
0.058430980890989304
0.05199849605560303
0.058134548366069794
0.058538228273391724
0.06158963963389397
0.05294756218791008
0.05138169974088669
0.06281359493732452
0.05749596655368805
0.05110820755362511
0.056331731379032135
0.049541108310222626
0.049302734434604645
0.04733509570360184
0.06440708786249161
0.05040362477302551
0.04941045492887497
0.04949723184108734
0.04994852468371391
0.050549253821372986
0.047293856739997864
0.05929313600063324
0.051279183477163315
0.048863984644412994
0.05201423913240433
0.048491593450307846
0.05556199699640274
0.04860295355319977
0.07051967084407806
0.04673287272453308
0.05057946965098381
0.051769014447927475
0.056251149624586105
0.05253347009420395
0.052891578525304794
0.06932152807712555
0.05521684139966965
0.04701013118028641
0.05028985068202019
0.04762896150350571
0.05708865448832512
0.04983178898692131
0.05315700173377991
0.04916103184223175
0.05870261415839195
0.052624475210905075
0.049579180777072906
0.049565162509679794
0.047062166035175323
0.059844549745321274
0.04570769518613815
0.0533001571893692
0.05077832564711571
0.05673324316740036
0.04849567636847496
0.04544387012720108
0.09957107901573181
0.05810738354921341
0.056807633489370346
0.04950927942991257
0.053913991898298264
0.050890691578388214
0.05272509157657623
0.05901363492012024
0.05022837966680527
0.05758747085928917
0.051650144159793854
0.052881237119436264
0.05602451413869858
0.045176535844802856
0.06269356608390808
0.04893817752599716
0.04921839386224747
0.05525539070367813
0.046134114265441895
0.054671552032232285
0.048893436789512634
0.050159282982349396
0.05583561956882477
0.04795139282941818
0.050458576530218124
0.04852835088968277
0.04895199462771416
0.04132411256432533
0.05210278555750847
0.045905061066150665
0.045078784227371216
0.04642961919307709
0.04551715403795242
0.04918438941240311
0.05224304646253586
0.06076369434595108
0.04734598845243454
0.04373171925544739
0.05128706991672516
0.05283556878566742
0.04424309358000755
0.04952753335237503
0.05934266746044159
0.045644693076610565
0.05005162954330444
0.0489000603556633
0.046555131673812866
0.045711126178503036
0.050669945776462555
0.05157914385199547
0.05409955978393555
0.04993133991956711
0.052132558077573776
0.05212381109595299
0.04655788093805313
0.049245014786720276
0.05456708371639252
0.05018981546163559
0.05338862165808678
0.05228711664676666
0.043975990265607834
0.049612727016210556
0.046212729066610336
0.05025149881839752
0.04088481143116951
0.047224219888448715
0.058913424611091614
0.04734586924314499
0.05150870233774185
0.0525602251291275
0.05879918858408928
0.04803042113780975
0.04998078569769859
0.04825831577181816
0.047284893691539764
0.046359654515981674
0.04908208176493645
0.06224025413393974
0.04341728612780571
0.05596458539366722
0.04664778709411621
0.049133509397506714
0.054184939712285995
0.050895895808935165
0.07793568074703217
0.05517186224460602
0.059225764125585556
0.04539113491773605
0.047516144812107086
0.046268753707408905
0.05425336956977844
0.0681399255990982
0.04463785141706467
0.046294551342725754
0.04694095253944397
0.050246741622686386
0.04738039895892143
0.045647330582141876
0.08034385740756989
0.048325758427381516
0.046055763959884644
0.0477030947804451
0.04962826892733574
0.048248276114463806
0.04832666739821434
0.06476671993732452
0.055336516350507736
0.050142496824264526
0.04638240486383438
0.04759291559457779
0.04568978771567345
0.04408441111445427
0.06723989546298981
0.04589841514825821
0.04956796020269394
0.04194169491529465
0.05393388867378235
0.04929835721850395
0.05303527042269707
0.05285941809415817
0.04764842614531517
0.04917212575674057
0.04696794971823692
0.04431787133216858
0.04828977212309837
0.04717904329299927
0.06170712411403656
0.05030636489391327
0.05080806463956833
0.046993352472782135
0.046227194368839264
0.046344779431819916
0.05749087035655975
0.05454382300376892
0.053836312144994736
0.04642070457339287
0.048236455768346786
0.046410657465457916
0.04346058890223503
0.04421110451221466
0.06058245152235031
0.0487709641456604
0.04437028616666794
0.04977644234895706
0.04942609369754791
0.04519696533679962
0.04489922150969505
0.05191092938184738
0.04785811901092529
0.04457436129450798
0.04255543276667595
0.0426519475877285
0.045155540108680725
0.04193457216024399
0.07942770421504974
0.040355607867240906
0.04246753454208374
0.04461076110601425
0.047901712357997894
0.040214903652668
0.05228887498378754
0.08283409476280212
0.052590399980545044
0.05523913726210594
0.045460086315870285
0.049541719257831573
0.04812420904636383
0.04615820199251175
0.07527834177017212
0.05076628550887108
0.05273301526904106
0.050828784704208374
0.0490223690867424
0.04766293987631798
0.043745335191488266
0.051315635442733765
0.04521668702363968
0.039887990802526474
0.04057450592517853
0.04928816854953766
0.04542248696088791
0.045052867382764816
0.05744039639830589
0.04393937811255455
0.04812074825167656
0.043819576501846313
0.04267264902591705
0.046356286853551865
0.04393807053565979
0.049259573221206665
0.04134063422679901
0.051968201994895935
0.03965996950864792
0.04057956486940384
0.04880058020353317
0.04330466315150261
0.05365053564310074
0.04065888747572899
0.04206255078315735
0.04539266228675842
0.04261027276515961
0.04407751187682152
0.040446262806653976
0.06635390967130661
0.03994884341955185
0.0525648258626461
0.0459720715880394
0.0473962239921093
0.04519305378198624
0.04827728122472763
0.05440041050314903
0.04060867428779602
0.04414825886487961
0.047757040709257126
0.0437941700220108
0.043589815497398376
0.043491773307323456
0.06399613618850708
0.050186313688755035
0.045893594622612
0.044896334409713745
0.05105515941977501
0.042532287538051605
0.044404178857803345
0.07471159100532532
0.049527570605278015
0.04417881369590759
0.04435407370328903
0.04927487298846245
0.044066064059734344
0.04362287372350693
0.07050296664237976
0.04496518895030022
0.04297701641917229
0.04266820475459099
0.04466250166296959
0.04296800494194031
0.04485800489783287
0.09257625788450241
0.05065406486392021
0.05727718770503998
0.042060475796461105
0.04992493987083435
0.04411797970533371
0.044411804527044296
0.05046844109892845
0.04065283387899399
0.04833909124135971
0.04625410586595535
0.045056380331516266
0.04082176461815834
0.04268453270196915
0.05340012535452843
0.041988909244537354
0.04099542275071144
0.04941552132368088
0.044873934239149094
0.04411695525050163
0.040916807949543
0.05247092247009277
0.04427196830511093
0.04005630314350128
0.048403721302747726
0.0428512804210186
0.04151336848735809
0.044403161853551865
0.05843392014503479
0.04224766045808792
0.0444800965487957
0.04503205418586731
0.04894354194402695
0.0504436269402504
0.04408740624785423
0.05497512221336365
0.051494088023900986
0.047444745898246765
0.041614338755607605
0.046237796545028687
0.046391963958740234
0.044494301080703735
0.07873240113258362
0.04363001137971878
0.0457620769739151
0.04073389992117882
0.051823899149894714
0.04174409806728363
0.04682362824678421
0.06675799190998077
0.04138478636741638
0.05676066875457764
0.04313821718096733
0.04589105397462845
0.04305766150355339
0.044777125120162964
0.05805739387869835
0.0407182015478611
0.05504770204424858
0.04249013960361481
0.04779498279094696
0.04391079396009445
0.04208507761359215
0.07614188641309738
0.05026353523135185
0.04474909231066704
0.0485517755150795
0.04315236955881119
0.05035722255706787
0.03998897969722748
0.055604107677936554
0.042743027210235596
0.049392685294151306
0.04200354218482971
0.04217250272631645
0.04631814360618591
0.04355373978614807
0.06266117841005325
0.04137007147073746
0.04202171415090561
0.043888695538043976
0.042866285890340805
0.043108802288770676
0.03906005993485451
0.06650349497795105
0.03893780708312988
0.039926886558532715
0.04433232173323631
0.04657691717147827
0.040618304163217545
0.04129071533679962
0.06125489994883537
0.04533356428146362
0.04724247008562088
0.04124777019023895
0.04439467936754227
0.04148626700043678
0.042790547013282776
0.04835018143057823
0.044453732669353485
0.039998624473810196
0.04031446576118469
0.043298736214637756
0.04385334998369217
0.048792459070682526
0.06253296881914139
0.05139000341296196
0.04200311750173569
0.040930621325969696
0.03981262445449829
0.047248225659132004
0.03865759074687958
0.0645114928483963
0.039869047701358795
0.041756488382816315
0.04883929342031479
0.04730439931154251
0.03736932575702667
0.038067854940891266
0.05196435749530792
0.04244361072778702
0.0509679913520813
0.03781884163618088
0.04579339548945427
0.03757621347904205
0.041227929294109344
0.05342020094394684
0.036564238369464874
0.04398036003112793
0.03978731483221054
0.04565860331058502
0.04078984633088112
0.04270634055137634
0.04899724945425987
0.04216860234737396
0.0441831611096859
0.04375573620200157
0.04429595172405243
0.037616223096847534
0.03867771849036217
0.036668214946985245
0.0383128896355629
0.0395149290561676
0.04037940502166748
0.03931980952620506
0.04088180884718895
0.03666173666715622
0.0555337592959404
0.036952145397663116
0.04126684367656708
0.04440378397703171
0.04112502560019493
0.03730155527591705
0.04180712252855301
0.09517110884189606
0.04599393904209137
0.050826992839574814
0.049555759876966476
0.0425344780087471
0.04144975543022156
0.0461578443646431
0.05649755150079727
0.040995195508003235
0.03989589586853981
0.03967578336596489
0.046178050339221954
0.03950497508049011
0.03870142251253128
0.05929887294769287
0.045097436755895615
0.041544388979673386
0.04090871289372444
0.042287543416023254
0.043468039482831955
0.03889450058341026
0.04313372075557709
0.03627611696720123
0.04219336435198784
0.04247662052512169
0.04302307963371277
0.03809622675180435
0.040501222014427185
0.04547180235385895
0.04428451880812645
0.03799926117062569
0.04630497097969055
0.04426209256052971
0.0379745252430439
0.04082722216844559
0.058943331241607666
0.04160765931010246
0.03801897168159485
0.0399341806769371
0.04069861024618149
0.04666098952293396
0.041204407811164856
0.060040488839149475
0.04232907295227051
0.044177159667015076
0.04405348002910614
0.04121706634759903
0.04142840951681137
0.03925327956676483
0.05380256101489067
0.03568943589925766
0.03725053369998932
0.042283158749341965
0.044044166803359985
0.0417526513338089
0.04131914675235748
0.07434621453285217
0.04338207095861435
0.03908641263842583
0.03832881152629852
0.04382302612066269
0.04718296229839325
0.03919143229722977
0.08093485236167908
0.039815254509449005
0.03961319103837013
0.03913799673318863
0.0391787514090538
0.04091246426105499
0.04480624943971634
0.05275827273726463
0.05101458355784416
0.03608689084649086
0.03394687920808792
0.04634326696395874
0.039832133799791336
0.04713679105043411
0.04170013964176178
0.03764787316322327
0.039234332740306854
0.035392120480537415
0.040371544659137726
0.04129421338438988
0.0360916405916214
0.0576830618083477
0.037757061421871185
0.03788753226399422
0.036189187318086624
0.03820712864398956
0.04132232442498207
0.040404241532087326
0.0756957158446312
0.04512873291969299
0.03930775821208954
0.03963297978043556
0.04526358097791672
0.0382385179400444
0.04415186494588852
0.06445186585187912
0.04229471832513809
0.04871104657649994
0.03927817940711975
0.04180562496185303
0.03847134858369827
0.038860984146595
0.055540308356285095
0.03591711446642876
0.04324730858206749
0.03838355839252472
0.04290417581796646
0.04276622086763382
0.03631677106022835
0.06610335409641266
0.03825259208679199
0.03670904412865639
0.04079669713973999
0.03840315341949463
0.036889929324388504
0.039947979152202606
0.0674562156200409
0.0413658544421196
0.04204627871513367
0.03971930220723152
0.04111935943365097
0.03880880028009415
0.033377453684806824
0.07258222997188568
0.04654380679130554
0.0400417298078537
0.036821600049734116
0.03975037485361099
0.03895658999681473
0.03757408261299133
0.04643578827381134
0.042219143360853195
0.03558395802974701
0.03965039923787117
0.040104325860738754
0.03954874724149704
0.04134821891784668
0.047974228858947754
0.03866417706012726
0.04006287083029747
0.047970615327358246
0.042988620698451996
0.040318265557289124
0.04069608822464943
0.05124533921480179
0.039616987109184265
0.035639531910419464
0.043535780161619186
0.035010337829589844
0.03908303380012512
0.035553086549043655
0.04395940527319908
0.04029314965009689
0.03646322712302208
0.03682590276002884
0.03269827738404274
0.04663977771997452
0.035598527640104294
0.04633600637316704
0.038736164569854736
0.036591410636901855
0.04054487124085426
0.04226895421743393
0.03514028340578079
0.035237543284893036
0.05272361636161804
0.03724033012986183
0.04039173945784569
0.04401629418134689
0.04141991212964058
0.03873463720083237
0.03497423976659775
0.04172886535525322
0.03572569787502289
0.03775704279541969
0.04501240700483322
0.037673212587833405
0.03393547981977463
0.035698939114809036
0.046421632170677185
0.037703074514865875
0.03748246282339096
0.04412451013922691
0.040658168494701385
0.034349728375673294
0.034281834959983826
0.03756437078118324
0.03651455417275429
0.034179799258708954
0.038191817700862885
0.03677758947014809
0.03617255389690399
0.03538638353347778
0.04284185916185379
0.03642097860574722
0.0353180468082428
0.03999561071395874
0.03429901599884033
0.033408742398023605
0.03415369614958763
0.04480127617716789
0.033736489713191986
0.03406935930252075
0.036637209355831146
0.03609141334891319
0.03712131828069687
0.039444856345653534
0.05887887626886368
0.04477870091795921
0.038407742977142334
0.03871789947152138
0.035449013113975525
0.03979044407606125
0.034669045358896255
0.05598034709692001
0.04135808348655701
0.03754602372646332
0.03453205153346062
0.041377197951078415
0.03469061478972435
0.03506513684988022
0.05270339548587799
0.03357984870672226
0.037963829934597015
0.04081732779741287
0.03651338070631027
0.03759704530239105
0.03789883479475975
0.04412294924259186
0.034826215356588364
0.03948044031858444
0.0368412621319294
0.03325994312763214
0.03962858393788338
0.03582334145903587
0.04360028728842735
0.03470270708203316
0.033547163009643555
0.03479987382888794
0.034800197929143906
0.03870419040322304
0.03712887689471245
0.042801328003406525
0.03657938539981842
0.037421539425849915
0.036303289234638214
0.03471790626645088
0.035025402903556824
0.03376249223947525
0.0492197684943676
0.037464313209056854
0.03984614461660385
0.03933275490999222
0.033653803169727325
0.035685110837221146
0.03625611215829849
0.051569413393735886
0.03798370063304901
0.03594931587576866
0.03447480499744415
0.03759082034230232
0.03546246141195297
0.03336738795042038
0.06982666254043579
0.035463251173496246
0.03812802955508232
0.04025917500257492
0.03970612213015556
0.037049300968647
0.03679414838552475
0.05734757333993912
0.040121983736753464
0.043155159801244736
0.03928466886281967
0.03318928927183151
0.03762606531381607
0.03523411974310875
0.07563628256320953
0.0448177307844162
0.0437169075012207
0.04057827591896057
0.04123428463935852
0.036017708480358124
0.037822138518095016
0.05391603335738182
0.04058695584535599
0.03691411763429642
0.03740610554814339
0.037515848875045776
0.03467413783073425
0.03586277365684509
0.03810495883226395
0.034603945910930634
0.033795155584812164
0.032576315104961395
0.03780476748943329
0.034464456140995026
0.0351371206343174
0.056028079241514206
0.03144896775484085
0.03767680376768112
0.04060620442032814
0.03806218132376671
0.03873787820339203
0.033485423773527145
0.06585370004177094
0.03768712282180786
0.03939013555645943
0.04055125266313553
0.03376045823097229
0.03606092184782028
0.03802734240889549
0.04075300693511963
0.038030512630939484
0.034708715975284576
0.03563828021287918
0.035999443382024765
0.0319901742041111
0.0346694141626358
0.05860799178481102
0.036570485681295395
0.03492945432662964
0.04033637046813965
0.034363821148872375
0.03757346048951149
0.03532148897647858
0.04607095569372177
0.04361804574728012
0.03565853089094162
0.0340128093957901
0.034493423998355865
0.03446125239133835
0.03608418256044388
0.03719286620616913
0.031413331627845764
0.03716433048248291
0.03801801800727844
0.03403768688440323
0.03292800486087799
0.03428981453180313
0.05084596574306488
0.03362874686717987
0.034696027636528015
0.03336276113986969
0.03294358402490616
0.03887319937348366
0.03369166702032089
0.05126578360795975
0.03703157231211662
0.032308049499988556
0.03488805145025253
0.03725425899028778
0.03662937507033348
0.03427621349692345
0.053191136568784714
0.034384191036224365
0.035674240440130234
0.035670772194862366
0.033050257712602615
0.03455621749162674
0.03872212395071983
0.0699138268828392
0.04597408324480057
0.04053502902388573
0.03673011064529419
0.04173218458890915
0.04064072668552399
0.03619730845093727
0.053570590913295746
0.03394223004579544
0.03804817423224449
0.03459625691175461
0.03700682520866394
0.03470021113753319
0.0365355908870697
0.04855721443891525
0.03472128137946129
0.037455543875694275
0.03717447817325592
0.0382615402340889
0.036672018468379974
0.03569808602333069
0.038831837475299835
0.035359207540750504
0.03479193150997162
0.03435680270195007
0.038237325847148895
0.03610859811306
0.03935817629098892
0.04902222752571106
0.03202228248119354
0.035605497658252716
0.035655874758958817
0.03917444497346878
0.03638423606753349
0.03196624666452408
0.038930222392082214
0.04291598126292229
0.03565862774848938
0.03670298308134079
0.03286920487880707
0.035319939255714417
0.03389044478535652
0.04778910428285599
0.03644021600484848
0.035156745463609695
0.03437863290309906
0.03640495240688324
0.03230278193950653
0.03241942822933197
0.042517900466918945
0.037431202828884125
0.03474783897399902
0.034153155982494354
0.03588135540485382
0.0420285239815712
0.032802704721689224
0.044003479182720184
0.03421689197421074
0.03434240072965622
0.031001292169094086
0.03509276360273361
0.03240465000271797
0.032953910529613495
0.04597564786672592
0.031466662883758545
0.03438700735569
0.0331660732626915
0.03676483780145645
0.031615398824214935
0.034347210079431534
0.039587318897247314
0.03201442211866379
0.031204212456941605
0.030541904270648956
0.032786980271339417
0.034687984734773636
0.03524649515748024
0.055533867329359055
0.03659405559301376
0.03740079700946808
0.03487060219049454
0.036776427179574966
0.03184342756867409
0.030447622761130333
0.042645253241062164
0.034559886902570724
0.03287529945373535
0.032684214413166046
0.03080500289797783
0.033723410218954086
0.03487968072295189
0.04253141209483147
0.031122788786888123
0.03508045896887779
0.03278593346476555
0.03447484225034714
0.03131331130862236
0.032549284398555756
0.04660782963037491
0.03139780834317207
0.03420862555503845
0.034803953021764755
0.040433187037706375
0.035882145166397095
0.034754592925310135
0.04217536747455597
0.03231571614742279
0.03299717605113983
0.035702697932720184
0.033123329281806946
0.03370676934719086
0.03635953366756439
0.05575982853770256
0.03315822407603264
0.03473339229822159
0.039268121123313904
0.032478101551532745
0.03542667627334595
0.03437046706676483
0.04241432994604111
0.033173590898513794
0.038006920367479324
0.037549879401922226
0.033838529139757156
0.030745457857847214
0.0313042588531971
0.046541206538677216
0.0367550328373909
0.03292662650346756
0.03881743550300598
0.033927205950021744
0.029889104887843132
0.03272956609725952
0.040214989334344864
0.030404185876250267
0.032421037554740906
0.03147585317492485
0.03502080589532852
0.03421828895807266
0.032850466668605804
0.0440531000494957
0.0317625030875206
0.03316585719585419
0.03521643206477165
0.03160595893859863
0.03110131248831749
0.03501472994685173
0.05162876471877098
0.03690328449010849
0.036308035254478455
0.03891776502132416
0.039184145629405975
0.03277639299631119
0.031691163778305054
0.044432081282138824
0.035393476486206055
0.03563046455383301
0.0337599478662014
0.03171738609671593
0.03444180265069008
0.030911242589354515
0.042438335716724396
0.03408239036798477
0.030126046389341354
0.034635934978723526
0.03321126848459244
0.03780008479952812
0.030599474906921387
0.05198347195982933
0.03340468183159828
0.0340501144528389
0.03115580976009369
0.0373678132891655
0.034993283450603485
0.03542815148830414
0.03824111819267273
0.03597163408994675
0.0317593514919281
0.03228980302810669
0.0323198139667511
0.029512766748666763
0.03283419460058212
0.04041608050465584
0.03393172472715378
0.03042888268828392
0.02980494312942028
0.030551727861166
0.03422950208187103
0.031224172562360764
0.03847436606884003
0.029258979484438896
0.031561605632305145
0.03171218931674957
0.03188512101769447
0.030362775549292564
0.029642485082149506
0.04382346570491791
0.029194947332143784
0.030822401866316795
0.031946320086717606
0.034264493733644485
0.030406229197978973
0.03155071660876274
0.04631122946739197
0.035959914326667786
0.0346967950463295
0.0335766077041626
0.03278239071369171
0.032761506736278534
0.03335598483681679
0.05158340930938721
0.032107651233673096
0.03404612094163895
0.03688937425613403
0.03383582457900047
0.030155105516314507
0.030728254467248917
0.04507960006594658
0.032037727534770966
0.033775247633457184
0.033544860780239105
0.030446264892816544
0.03093014284968376
0.03259620815515518
0.039399098604917526
0.03461822494864464
0.029550721868872643
0.03487233817577362
0.03546018898487091
0.03857310861349106
0.034269314259290695
0.03748559206724167
0.03370533883571625
0.029292773455381393
0.033927276730537415
0.03327265381813049
0.034679971635341644
0.02837148867547512
0.04024183377623558
0.03286607190966606
0.0341232605278492
0.032986924052238464
0.03373079001903534
0.02998141571879387
0.027583539485931396
0.06003938615322113
0.0381702184677124
0.03732311353087425
0.0369524210691452
0.036949656903743744
0.037692658603191376
0.04065556824207306
0.05432724952697754
0.03818836808204651
0.03237131983041763
0.034485720098018646
0.033279817551374435
0.030778486281633377
0.035050999373197556
0.04716576635837555
0.036335352808237076
0.03579702973365784
0.03141243755817413
0.03185290843248367
0.030748222023248672
0.032602280378341675
0.0446210578083992
0.03176277130842209
0.03385687246918678
0.03106590174138546
0.03673728555440903
0.03297701105475426
0.038400888442993164
0.04660360515117645
0.035348571836948395
0.03213196247816086
0.03345361351966858
0.0315202958881855
0.03378176689147949
0.028877008706331253
0.05074901506304741
0.037806928157806396
0.036185234785079956
0.035535167902708054
0.03192175179719925
0.0324464812874794
0.030621713027358055
0.04172185808420181
0.03402362018823624
0.030867408961057663
0.03348046541213989
0.033378470689058304
0.029147375375032425
0.030716758221387863
0.03415437787771225
0.02858341857790947
0.032395243644714355
0.03803146257996559
0.02967839688062668
0.03687841817736626
0.030724069103598595
0.03954955190420151
0.030050938948988914
0.03232692927122116
0.03585626557469368
0.0398392379283905
0.03037361428141594
0.0346902534365654
0.04732991009950638
0.035203903913497925
0.03225536271929741
0.030666425824165344
0.038276221603155136
0.03137727826833725
0.030161801725625992
0.039037175476551056
0.034576620906591415
0.030351586639881134
0.02981637790799141
0.03259032592177391
0.02946041338145733
0.032938987016677856
0.06136674806475639
0.03472599759697914
0.038937266916036606
0.03791814669966698
0.035432714968919754
0.029648510739207268
0.033781230449676514
0.04135250300168991
0.03253375366330147
0.03383145481348038
0.03115149959921837
0.039298102259635925
0.030838264152407646
0.032728977501392365
0.039665207266807556
0.03556111454963684
0.030420616269111633
0.032217808067798615
0.028582340106368065
0.03165774047374725
0.030052974820137024
0.042014092206954956
0.027559056878089905
0.029045186936855316
0.03368549793958664
0.03439483046531677
0.029589958488941193
0.032307155430316925
0.033099912106990814
0.030930479988455772
0.03413927182555199
0.02724592760205269
0.026562919840216637
0.03497295826673508
0.028844168409705162
0.06032685190439224
0.04116741195321083
0.03205956146121025
0.031965989619493484
0.02776500955224037
0.033102016896009445
0.03565242141485214
0.04717329889535904
0.030085651203989983
0.03404826298356056
0.03149952366948128
0.029200535267591476
0.03158901631832123
0.028677385300397873
0.04663462191820145
0.028639554977416992
0.03243015706539154
0.03261988237500191
0.03060261718928814
0.03193948045372963
0.030174504965543747
0.03825792670249939
0.03228957578539848
0.028005585074424744
0.026189222931861877
0.031073754653334618
0.028206653892993927
0.035024162381887436
0.03814827650785446
0.03595952317118645
0.030903156846761703
0.032059699296951294
0.026384305208921432
0.02681778371334076
0.0340501070022583
0.038271546363830566
0.03383374214172363
0.027199052274227142
0.029817452654242516
0.029641512781381607
0.026258345693349838
0.029373249039053917
0.039561234414577484
0.02848092094063759
0.03145056217908859
0.028397168964147568
0.030838003382086754
0.03071025013923645
0.030183114111423492
0.03519773483276367
0.029481105506420135
0.031373534351587296
0.029238827526569366
0.030048562213778496
0.0308314710855484
0.03856075927615166
0.04037601500749588
0.028719358146190643
0.03249059617519379
0.03117125853896141
0.03142283856868744
0.029160140082240105
0.030096296221017838
0.043064069002866745
0.0354226753115654
0.03409016132354736
0.030987340956926346
0.03113674372434616
0.030752405524253845
0.029746223241090775
0.03550781309604645
0.033839840441942215
0.025956645607948303
0.031580183655023575
0.03412652760744095
0.03295648843050003
0.028933893889188766
0.0320608913898468
0.030626213178038597
0.03196356073021889
0.030995091423392296
0.030170327052474022
0.028690770268440247
0.03011169843375683
0.03219439089298248
0.03029925376176834
0.029926065355539322
0.028708256781101227
0.02827085554599762
0.03138764947652817
0.027793940156698227
0.02954084984958172
0.031836673617362976
0.02769860439002514
0.027349144220352173
0.026268718764185905
0.031143320724368095
0.02930307388305664
0.09496330469846725
0.03731285408139229
0.038382530212402344
0.034925512969493866
0.03206782042980194
0.03416687622666359
0.031062450259923935
0.042145006358623505
0.03280877321958542
0.03163135051727295
0.02930183708667755
0.029319508001208305
0.03526952490210533
0.032784830778837204
0.04179471731185913
0.031014099717140198
0.02830146625638008
0.030369706451892853
0.031244654208421707
0.031102826818823814
0.029268881306052208
0.044385701417922974
0.03169574961066246
0.03545103222131729
0.029030239209532738
0.03340859338641167
0.025791002437472343
0.030749358236789703
0.03866251930594444
0.03178650885820389
0.03320840746164322
0.03253502771258354
0.03056017868220806
0.026847219094634056
0.0288689024746418
0.03517363592982292
0.02740870974957943
0.032617900520563126
0.02533871680498123
0.03278964385390282
0.03141845762729645
0.033374130725860596
0.028505496680736542
0.028802020475268364
0.02781570702791214
0.03115120902657509
0.029826117679476738
0.03200732171535492
0.029344387352466583
0.043526530265808105
0.033768560737371445
0.029036931693553925
0.033087778836488724
0.029164627194404602
0.028688564896583557
0.027621358633041382
0.0370175838470459
0.03453434258699417
0.0338415652513504
0.03063780441880226
0.028770316392183304
0.025720126926898956
0.029970671981573105
0.04585631936788559
0.03149190917611122
0.03212841972708702
0.02929702028632164
0.030447836965322495
0.0329940989613533
0.027567870914936066
0.043442726135253906
0.031020600348711014
0.032861702144145966
0.03066214546561241
0.031213734298944473
0.030889615416526794
0.029301663860678673
0.05442586541175842
0.031638722866773605
0.037440717220306396
0.03125785291194916
0.029100723564624786
0.032592564821243286
0.030500231310725212
0.04009398818016052
0.03372631222009659
0.030907709151506424
0.0272077526897192
0.03148072957992554
0.028946518898010254
0.030631013214588165
0.04271605238318443
0.032218970358371735
0.02767467498779297
0.03014523535966873
0.03248490020632744
0.02843976765871048
0.028550636023283005
0.03762957081198692
0.02889220230281353
0.027004335075616837
0.030577650293707848
0.029654642567038536
0.031551558524370193
0.029721815139055252
0.04870426282286644
0.029232686385512352
0.02884044498205185
0.027606254443526268
0.030643578618764877
0.030664240941405296
0.027259565889835358
0.03684312105178833
0.03337967395782471
0.028749149292707443
0.029461458325386047
0.029162539169192314
0.025733470916748047
0.02896783873438835
0.039995744824409485
0.030647708103060722
0.031336359679698944
0.029799766838550568
0.03442632779479027
0.03312687203288078
0.026582438498735428
0.04061363264918327
0.03529118001461029
0.03052368573844433
0.02565670572221279
0.028969332575798035
0.026829620823264122
0.02661677449941635
0.0347023531794548
0.029993979260325432
0.028882332146167755
0.030419958755373955
0.027022069320082664
0.027546275407075882
0.030122144147753716
0.03723803162574768
0.031330306082963943
0.027715465053915977
0.029242191463708878
0.03035896085202694
0.02608732506632805
0.02777246944606304
0.04555566608905792
0.030664049088954926
0.030823446810245514
0.026140933856368065
0.029787365347146988
0.03002677857875824
0.02986210584640503
0.03620322048664093
0.026465002447366714
0.027036011219024658
0.028123779222369194
0.02734968066215515
0.0307760126888752
0.029972434043884277
0.04197337478399277
0.034591928124427795
0.03128707781434059
0.02699354663491249
0.03083754889667034
0.030121220275759697
0.027448413893580437
0.03475452959537506
0.026486892253160477
0.028048595413565636
0.0291514303535223
0.030253976583480835
0.029997311532497406
0.026834845542907715
0.04036262631416321
0.029731862246990204
0.0305851548910141
0.03202725946903229
0.03268900513648987
0.027026407420635223
0.025060005486011505
0.05534118413925171
0.03088417463004589
0.03430923819541931
0.02881724201142788
0.030435290187597275
0.02998814359307289
0.027686497196555138
0.04395619034767151
0.030931375920772552
0.029570963233709335
0.030852189287543297
0.02911057323217392
0.026883689686655998
0.02937854453921318
0.04037852585315704
0.030345572158694267
0.029191724956035614
0.03281022608280182
0.030618637800216675
0.029264338314533234
0.026595521718263626
0.0321023054420948
0.029317468404769897
0.028875239193439484
0.030070606619119644
0.02702173963189125
0.028420526534318924
0.027194127440452576
0.03649313747882843
0.02703673020005226
0.029399363324046135
0.032786279916763306
0.0290970541536808
0.02667694166302681
0.029542161151766777
0.03594496101140976
0.03034399449825287
0.029145117849111557
0.026246726512908936
0.03155140206217766
0.026148533448576927
0.027829503640532494
0.04348175227642059
0.029952190816402435
0.032668933272361755
0.029741166159510612
0.028558125719428062
0.02614617720246315
0.02548745833337307
0.04122483730316162
0.037864670157432556
0.029439538717269897
0.026307059451937675
0.028377149254083633
0.03224044293165207
0.03180023655295372
0.040214452892541885
0.030152149498462677
0.03009771555662155
0.0344807431101799
0.031316399574279785
0.032139524817466736
0.028469961136579514
0.0465146079659462
0.034303441643714905
0.02838805690407753
0.03547823429107666
0.02971024625003338
0.0270452331751585
0.03153729811310768
0.04176071286201477
0.02622973546385765
0.02745281532406807
0.031051184982061386
0.032773457467556
0.02750689536333084
0.02915963903069496
0.03825828433036804
0.026363706216216087
0.029311953112483025
0.027850154787302017
0.028348829597234726
0.030898358672857285
0.03315453976392746
0.031756043434143066
0.027752993628382683
0.030066965147852898
0.02645307406783104
0.028854478150606155
0.026300281286239624
0.02974337711930275
0.0391254797577858
0.02914612554013729
0.029690494760870934
0.028195170685648918
0.02940431237220764
0.027865123003721237
0.030972493812441826
0.029527008533477783
0.03439025580883026
0.027794018387794495
0.029021508991718292
0.02853628806769848
0.030483469367027283
0.02713853493332863
0.039560120552778244
0.02651851996779442
0.025313375517725945
0.025299470871686935
0.03382721170783043
0.030346158891916275
0.03121040388941765
0.03772623836994171
0.027095085009932518
0.031050153076648712
0.030359189957380295
0.03123537078499794
0.029784616082906723
0.03699197620153427
0.03839578106999397
0.027127917855978012
0.030495837330818176
0.028559092432260513
0.02667691558599472
0.030650507658720016
0.025572752580046654
0.04433169215917587
0.03179734945297241
0.027082784101366997
0.02842080406844616
0.02732996456325054
0.025638386607170105
0.02732054702937603
0.04952050372958183
0.028732076287269592
0.02802443504333496
0.030270133167505264
0.027491681277751923
0.027447976171970367
0.03117866814136505
0.03484209254384041
0.030049016699194908
0.03113516978919506
0.02698494866490364
0.027687376365065575
0.027416927739977837
0.026572730392217636
0.03236391767859459
0.027548884972929955
0.024616261944174767
0.02931208536028862
0.02969217114150524
0.024833370000123978
0.026954207569360733
0.027525559067726135
0.02539200708270073
0.026910044252872467
0.025081602856516838
0.026676464825868607
0.027351204305887222
0.028776541352272034
0.036312248557806015
0.02812238596379757
0.02804310992360115
0.030286099761724472
0.02857477031648159
0.025874076411128044
0.025470547378063202
0.03084695152938366
0.028037605807185173
0.02692883461713791
0.030200129374861717
0.02599864825606346
0.02604888379573822
0.025420237332582474
0.050462301820516586
0.034058425575494766
0.028098229318857193
0.029440447688102722
0.02912161871790886
0.02851979061961174
0.03307763487100601
0.03243492171168327
0.030040878802537918
0.030599383637309074
0.030661126598715782
0.026934882625937462
0.027376554906368256
0.02623094990849495
0.028308287262916565
0.027372194454073906
0.0334489680826664
0.023663096129894257
0.029364025220274925
0.028863977640867233
0.025353509932756424
0.06184948980808258
0.030003033578395844
0.029752615839242935
0.028003036975860596
0.029173007234930992
0.03146088123321533
0.024901919066905975
0.0372505821287632
0.02874390408396721
0.0267080869525671
0.02977609448134899
0.03054247796535492
0.03078560158610344
0.028547905385494232
0.03939726576209068
0.031200304627418518
0.029786434024572372
0.029052354395389557
0.026397844776511192
0.02797866426408291
0.0266122967004776
0.04397129267454147
0.028673607856035233
0.03193886578083038
0.0298959668725729
0.028550293296575546
0.024975953623652458
0.026615720242261887
0.04233076423406601
0.025686338543891907
0.027580393478274345
0.026346426457166672
0.02782474458217621
0.03152009844779968
0.02816566452383995
0.05065677687525749
0.04018848016858101
0.030036430805921555
0.03235294669866562
0.02797674760222435
0.028642095625400543
0.028102634474635124
0.03903001546859741
0.032397374510765076
0.030325263738632202
0.025187965482473373
0.02744179032742977
0.030126435682177544
0.030095994472503662
0.03566496819257736
0.026006102561950684
0.03152911365032196
0.027252672240138054
0.026422064751386642
0.025850899517536163
0.027985980734229088
0.0427791103720665
0.025846293196082115
0.027608823031187057
0.030179869383573532
0.028049949556589127
0.03003711998462677
0.02749665454030037
0.03537841886281967
0.02921862155199051
0.028948886319994926
0.027450408786535263
0.02492816559970379
0.027139555662870407
0.028553009033203125
0.030520444735884666
0.0254000686109066
0.027769489213824272
0.026138130575418472
0.03151374310255051
0.02583104744553566
0.026661600917577744
0.03288940340280533
0.02617233619093895
0.028943045064806938
0.024599602445960045
0.026489263400435448
0.025474494323134422
0.03066232055425644
0.03604797273874283
0.026275387033820152
0.02678665518760681
0.028567876666784286
0.02612309716641903
0.02894812636077404
0.025082629173994064
0.03435509279370308
0.028171395882964134
0.02631485089659691
0.028742775321006775
0.025494402274489403
0.026092715561389923
0.023957304656505585
0.04656077176332474
0.027015358209609985
0.026776453480124474
0.02695896103978157
0.027602722868323326
0.03181551396846771
0.026330720633268356
0.04059583693742752
0.02887122705578804
0.03033861517906189
0.03234069421887398
0.028998879715800285
0.0281174685806036
0.02455291524529457
0.036192525178194046
0.03021795116364956
0.029133733361959457
0.027826331555843353
0.027012091130018234
0.028795592486858368
0.026624087244272232
0.03067493997514248
0.029581021517515182
0.0263020321726799
0.025667188689112663
0.024799928069114685
0.028622698038816452
0.02446531318128109
0.03581363707780838
0.028341470286250114
0.024392813444137573
0.025365829467773438
0.02538241446018219
0.030568093061447144
0.02620670571923256
0.03860951587557793
0.027335789054632187
0.02537730149924755
0.029985398054122925
0.02634458802640438
0.026727590709924698
0.026612281799316406
0.030086856335401535
0.02570946328341961
0.025723472237586975
0.025687038898468018
0.026463910937309265
0.026629026979207993
0.02726428583264351
0.03607023134827614
0.02411605976521969
0.02751324139535427
0.028463756665587425
0.027521278709173203
0.02391761541366577
0.02710089087486267
0.03393259271979332
0.02800922654569149
0.026068076491355896
0.024754932150244713
0.027108704671263695
0.026569386944174767
0.028201691806316376
0.03573164343833923
0.032533738762140274
0.028738461434841156
0.02837158553302288
0.02655499428510666
0.0279519185423851
0.0266561321914196
0.031911078840494156
0.02456287108361721
0.024009903892874718
0.027798783034086227
0.028217634186148643
0.02655833214521408
0.027211537584662437
0.03403184935450554
0.025087639689445496
0.029820522293448448
0.025192750617861748
0.02666400372982025
0.025495192036032677
0.025214072316884995
0.033752333372831345
0.02473464608192444
0.027132105082273483
0.026709243655204773
0.024205919355154037
0.026756003499031067
0.024746475741267204
0.04078104719519615
0.028258828446269035
0.028485573828220367
0.027290720492601395
0.025049250572919846
0.025898799300193787
0.025409460067749023
0.030127886682748795
0.02407890371978283
0.023866986855864525
0.02614862285554409
0.026821650564670563
0.02800082042813301
0.02564873918890953
0.0369744747877121
0.026677783578634262
0.026204949244856834
0.02417806163430214
0.027845418080687523
0.026888025924563408
0.02576165460050106
0.052796926349401474
0.03112063556909561
0.027416296303272247
0.032185148447752
0.02599485032260418
0.028797727078199387
0.026932232081890106
0.04062585532665253
0.025328416377305984
0.02828400582075119
0.027202770113945007
0.025075063109397888
0.026121795177459717
0.031556710600852966
0.033955276012420654
0.02982850931584835
0.029135560616850853
0.0263950377702713
0.023584870621562004
0.024527689442038536
0.0254936795681715
0.035339225083589554
0.02755938097834587
0.026702141389250755
0.02663375250995159
0.02533271536231041
0.027334772050380707
0.028731025755405426
0.03403669223189354
0.03131090849637985
0.029454823583364487
0.026818593963980675
0.024630527943372726
0.02600083313882351
0.023184094578027725
0.03925695642828941
0.025729481130838394
0.02490929141640663
0.026858866214752197
0.03070865198969841
0.02710184082388878
0.024628831073641777
0.0369584858417511
0.025477444753050804
0.02830151468515396
0.02602577768266201
0.0268428735435009
0.02667182683944702
0.02447560429573059
0.03643541783094406
0.028293073177337646
0.030029691755771637
0.025920070707798004
0.02741355262696743
0.027782706543803215
0.02377469092607498
0.031439539045095444
0.025752242654561996
0.02652900479733944
0.027616746723651886
0.027058664709329605
0.029090559110045433
0.025031235069036484
0.03651495277881622
0.02442811243236065
0.024891560897231102
0.026219554245471954
0.02517019212245941
0.026174981147050858
0.025543121621012688
0.0481480173766613
0.03170822560787201
0.027746625244617462
0.027418000623583794
0.02536088228225708
0.024704812094569206
0.027486935257911682
0.0329446941614151
0.02368645928800106
0.02507006749510765
0.027862120419740677
0.02591795288026333
0.02600838989019394
0.030788473784923553
0.031493332237005234
0.027310429140925407
0.025155935436487198
0.027677765116095543
0.026464030146598816
0.023118186742067337
0.025655802339315414
0.03752615302801132
0.025629764422774315
0.026570439338684082
0.026566369459033012
0.023621544241905212
0.025541476905345917
0.02751028537750244
0.02950112149119377
0.024765267968177795
0.026226384565234184
0.025851232931017876
0.023256853222846985
0.027476539835333824
0.026343874633312225
0.044137537479400635
0.03369531035423279
0.030281584709882736
0.028409603983163834
0.026050664484500885
0.02897963672876358
0.025396034121513367
0.031177129596471786
0.02557370439171791
0.027806846424937248
0.026843076571822166
0.025106526911258698
0.026441916823387146
0.025759894400835037
0.03811293840408325
0.026607071980834007
0.026774881407618523
0.024526357650756836
0.023731891065835953
0.027793800458312035
0.026840610429644585
0.046160370111465454
0.02678694576025009
0.03055097535252571
0.025176888331770897
0.023666657507419586
0.03016785904765129
0.02603904716670513
0.0319182425737381
0.025208285078406334
0.02628435753285885
0.025487937033176422
0.029514845460653305
0.028024187311530113
0.027350207790732384
0.03085988759994507
0.025578532367944717
0.025173014029860497
0.02656145952641964
0.023845575749874115
0.030141403898596764
0.030634500086307526
0.03432507812976837
0.026445530354976654
0.028881793841719627
0.02251669578254223
0.026774762198328972
0.023293424397706985
0.02639518491923809
0.0682423934340477
0.03195933997631073
0.03473615646362305
0.03168029710650444
0.029089627787470818
0.03153219446539879
0.028853900730609894
0.056975506246089935
0.03206685557961464
0.029682990163564682
0.031030971556901932
0.02793126180768013
0.028291787952184677
0.027722520753741264
0.044242870062589645
0.026785990223288536
0.027235809713602066
0.026796890422701836
0.026613764464855194
0.027970818802714348
0.02710268646478653
0.04055032134056091
0.02591240033507347
0.025561382994055748
0.024006836116313934
0.025905460119247437
0.027909284457564354
0.027075201272964478
0.039277803152799606
0.029876423999667168
0.02451430819928646
0.026850804686546326
0.02678997442126274
0.025699365884065628
0.026853187009692192
0.03194122388958931
0.02936340868473053
0.029431097209453583
0.027730178087949753
0.025697100907564163
0.022738207131624222
0.023697495460510254
0.040423326194286346
0.026603762060403824
0.029582176357507706
0.025777800008654594
0.025279343128204346
0.025222890079021454
0.030092468485236168
0.04341728612780571
0.02573317103087902
0.026369182392954826
0.028896551579236984
0.03104531764984131
0.026174379512667656
0.029429897665977478
0.041674189269542694
0.024328064173460007
0.0273990910500288
0.025088241323828697
0.030145712196826935
0.0282910093665123
0.02497326210141182
0.03068080171942711
0.025115249678492546
0.025156734511256218
0.023453911766409874
0.02703024074435234
0.02657465450465679
0.02862199954688549
0.025435281917452812
0.02221621945500374
0.0245176013559103
0.026695113629102707
0.02387682907283306
0.02724985033273697
0.027037857100367546
0.04531398415565491
0.026591487228870392
0.030267274007201195
0.03318583965301514
0.026343755424022675
0.030972052365541458
0.023819854483008385
0.03230580314993858
0.02793007902801037
0.028522122651338577
0.03143736720085144
0.029280198737978935
0.025776339694857597
0.02324853464961052
0.034577738493680954
0.0274488627910614
0.030237190425395966
0.023553848266601562
0.025240248069167137
0.024223333224654198
0.026710182428359985
0.03774377703666687
0.02511257492005825
0.023480406031012535
0.027652181684970856
0.0258077010512352
0.025648165494203568
0.024806758388876915
0.02721983566880226
0.02193816378712654
0.02290172688663006
0.02480129897594452
0.028695179149508476
0.024677209556102753
0.025492243468761444
0.04122838005423546
0.0254026111215353
0.02464938722550869
0.029333867132663727
0.026745162904262543
0.02459462359547615
0.026402994990348816
0.0335855707526207
0.02745567262172699
0.025776175782084465
0.0230569951236248
0.025944940745830536
0.023584341630339622
0.02283034473657608
0.03570639342069626
0.026024077087640762
0.023784933611750603
0.025268778204917908
0.023088179528713226
0.02784518152475357
0.0245667677372694
0.03603648021817207
0.02445855364203453
0.026722505688667297
0.024086639285087585
0.025676725432276726
0.0235797967761755
0.02849315106868744
0.03968500345945358
0.026628706604242325
0.028369493782520294
0.02599865011870861
0.027685903012752533
0.026548493653535843
0.02948342263698578
0.031145479530096054
0.02534518390893936
0.02630709856748581
0.023775093257427216
0.0255268644541502
0.026157012209296227
0.023928258568048477
0.039217185229063034
0.02542651817202568
0.02535068243741989
0.024174585938453674
0.027142850682139397
0.025471998378634453
0.02716846391558647
0.03237239643931389
0.024476412683725357
0.02610582485795021
0.026699542999267578
0.024800121784210205
0.024526333436369896
0.02232101373374462
0.04300133138895035
0.029711123555898666
0.026135995984077454
0.024496745318174362
0.026196658611297607
0.02742239460349083
0.02317396178841591
0.026618536561727524
0.025726936757564545
0.02379293367266655
0.023384278640151024
0.024863898754119873
0.025958828628063202
0.02302723005414009
0.03420696407556534
0.023163244128227234
0.023379739373922348
0.02514054998755455
0.027584878727793694
0.02442174032330513
0.02726380154490471
0.03265799209475517
0.02657351642847061
0.025206148624420166
0.027131255716085434
0.02446170523762703
0.02547602728009224
0.029793016612529755
0.036474794149398804
0.026720315217971802
0.02883089892566204
0.026848070323467255
0.027139347046613693
0.026789512485265732
0.024158712476491928
0.024302786216139793
0.02790297381579876
0.023711225017905235
0.023789919912815094
0.02528742514550686
0.024565329775214195
0.02389715239405632
0.03647797927260399
0.02648480236530304
0.024843841791152954
0.02639789879322052
0.025102317333221436
0.023487325757741928
0.02152993530035019
0.03934035450220108
0.026478033512830734
0.025120168924331665
0.027334973216056824
0.022367380559444427
0.024005843326449394
0.026827160269021988
0.032182030379772186
0.024270005524158478
0.026780439540743828
0.024210508912801743
0.024640515446662903
0.022800004109740257
0.02664690837264061
0.045336708426475525
0.025273408740758896
0.024332836270332336
0.02563958428800106
0.028222909197211266
0.024544578045606613
0.027860892936587334
0.03709634020924568
0.02472730539739132
0.022842979058623314
0.022944118827581406
0.029381809756159782
0.027453232556581497
0.025315359234809875
0.04235506057739258
0.026917945593595505
0.024937553331255913
0.026189124211668968
0.026069313287734985
0.025660313665866852
0.023777291178703308
0.03251975029706955
0.025268904864788055
0.026211172342300415
0.027313528582453728
0.02221379242837429
0.0229385644197464
0.026292970404028893
0.037533313035964966
0.023390725255012512
0.024527495726943016
0.027654021978378296
0.02737429551780224
0.02740432322025299
0.024304833263158798
0.026026276871562004
0.025421036407351494
0.022781960666179657
0.028162790462374687
0.02660427615046501
0.023448556661605835
0.024109937250614166
0.03252392262220383
0.0256461463868618
0.022574741393327713
0.021967947483062744
0.02535630390048027
0.023795289918780327
0.024150192737579346
0.053590770810842514
0.03304262459278107
0.030701767653226852
0.03002186492085457
0.02869797870516777
0.028199661523103714
0.02658608928322792
0.04172060638666153
0.03326424956321716
0.027052033692598343
0.03372917324304581
0.027377134189009666
0.02771787717938423
0.026742123067378998
0.0611698180437088
0.03389096260070801
0.03232274949550629
0.03048275038599968
0.031232228502631187
0.030667807906866074
0.026103120297193527
0.04878794401884079
0.02761276625096798
0.02968265861272812
0.03043866902589798
0.03270713612437248
0.02651818096637726
0.027376240119338036
0.04278693348169327
0.029522178694605827
0.026979384943842888
0.02630864642560482
0.027902759611606598
0.029272643849253654
0.026933860033750534
0.03185602277517319
0.027212530374526978
0.024854350835084915
0.026879793033003807
0.02920190803706646
0.02698126807808876
0.026104051619768143
0.03774595633149147
0.025141652673482895
0.028019145131111145
0.022823957726359367
0.025028515607118607
0.025369955226778984
0.02507704868912697
0.036528684198856354
0.02735958807170391
0.025188349187374115
0.024125708267092705
0.02737051248550415
0.023260492831468582
0.02848614566028118
0.027848247438669205
0.026671454310417175
0.02283707819879055
0.026699166744947433
0.022225908935070038
0.022217435762286186
0.026015587151050568
0.03286999091506004
0.030155107378959656
0.029533565044403076
0.023865561932325363
0.024911267682909966
0.023955553770065308
0.02589474432170391
0.03320835530757904
0.028530847281217575
0.027025554329156876
0.028709327802062035
0.025168275460600853
0.02389238402247429
0.025151629000902176
0.030429430305957794
0.022428903728723526
0.026490172371268272
0.025381004437804222
0.024402093142271042
0.022808043286204338
0.02616003528237343
0.03528037667274475
0.023793965578079224
0.026421096175909042
0.023780805990099907
0.023754827678203583
0.025482453405857086
0.024806490167975426
0.0331413708627224
0.026136502623558044
0.026202894747257233
0.02761276625096798
0.02642369270324707
0.026405131444334984
0.028014888986945152
0.030205562710762024
0.02638564631342888
0.026008587330579758
0.027950897812843323
0.024117518216371536
0.023592514917254448
0.02421768568456173
0.04743795841932297
0.025246068835258484
0.0254650991410017
0.025511641055345535
0.026673708111047745
0.0274259801954031
0.023946404457092285
0.037222862243652344
0.026382287964224815
0.026736781001091003
0.02514512650668621
0.026464831084012985
0.024264756590127945
0.02406083047389984
0.0329175628721714
0.026167966425418854
0.022434066981077194
0.02681410126388073
0.02485205978155136
0.024481136351823807
0.02536744438111782
0.03104683756828308
0.025208063423633575
0.025535792112350464
0.026355158537626266
0.024443505331873894
0.022769009694457054
0.02414572611451149
0.02954176813364029
0.024693556129932404
0.025599567219614983
0.024278072640299797
0.02642204985022545
0.02402598224580288
0.02290603332221508
0.03544553369283676
0.02543826960027218
0.025063950568437576
0.026431147009134293
0.02308734320104122
0.02413300983607769
0.02384173683822155
0.02671985700726509
0.02451973780989647
0.02196316421031952
0.02477562054991722
0.02306659147143364
0.02456747554242611
0.024730361998081207
0.037761420011520386
0.02380535379052162
0.02546462044119835
0.025756997987627983
0.024502504616975784
0.02510719746351242
0.02338777296245098
0.026464935392141342
0.02485087886452675
0.02530275098979473
0.023039614781737328
0.029011985287070274
0.025052687153220177
0.023489978164434433
0.03996676206588745
0.027458643540740013
0.025945957750082016
0.02502698451280594
0.026658659800887108
0.023746397346258163
0.02367055043578148
0.03602194786071777
0.02456534467637539
0.0213218554854393
0.023157238960266113
0.024660300463438034
0.024387236684560776
0.027193278074264526
0.03771036118268967
0.024620529264211655
0.0240202397108078
0.024657195433974266
0.023141687735915184
0.02606278285384178
0.02780877612531185
0.0408906415104866
0.026521839201450348
0.027625806629657745
0.025700576603412628
0.023662559688091278
0.024547111243009567
0.025881752371788025
0.03758503496646881
0.025321248918771744
0.022928476333618164
0.026441331952810287
0.024005694314837456
0.024903342127799988
0.02442087233066559
0.02886892855167389
0.02446196787059307
0.02453366294503212
0.022991061210632324
0.02153260074555874
0.02483822964131832
0.024410119280219078
0.03838210925459862
0.026218973100185394
0.027802785858511925
0.026142776012420654
0.023225074633955956
0.024729449301958084
0.02642527036368847
0.026293231174349785
0.022986767813563347
0.024456385523080826
0.024850428104400635
0.02263878658413887
0.022256847470998764
0.02416989579796791
0.03177517279982567
0.025125522166490555
0.021174244582653046
0.022962603718042374
0.0255684033036232
0.02441565692424774
0.025826115161180496
0.02828727662563324
0.023835113272070885
0.022521501407027245
0.024732552468776703
0.02187412977218628
0.024542607367038727
0.02251349948346615
0.03190440684556961
0.02393454872071743
0.02181936614215374
0.022848132997751236
0.0237179696559906
0.021958906203508377
0.02305915765464306
0.03605474531650543
0.024022802710533142
0.022873878479003906
0.02640676125884056
0.02541705220937729
0.026858624070882797
0.02234482578933239
0.031178101897239685
0.024655241519212723
0.02289014682173729
0.025971852242946625
0.026271862909197807
0.02268526516854763
0.022914737462997437
0.028233801946043968
0.02566935122013092
0.023886587470769882
0.01971646025776863
0.022969253361225128
0.02415146306157112
0.02455727569758892
0.0440332368016243
0.022884083911776543
0.024344323202967644
0.02509240061044693
0.024975720793008804
0.02508959174156189
0.025465084239840508
0.028823500499129295
0.021369781345129013
0.02370457910001278
0.024589739739894867
0.02513715624809265
0.026192281395196915
0.023154830560088158
0.033605169504880905
0.02349807322025299
0.025331560522317886
0.025010785087943077
0.02368748188018799
0.023023713380098343
0.024335181340575218
0.02661633864045143
0.024614784866571426
0.024500397965312004
0.023182179778814316
0.02317512407898903
0.02382250688970089
0.025319715961813927
0.02976956218481064
0.023232806473970413
0.02275654301047325
0.028501762077212334
0.023524736985564232
0.02003537118434906
0.023372678086161613
0.031675584614276886
0.022091714665293694
0.022400308400392532
0.024439554661512375
0.025627752766013145
0.022826483473181725
0.02255396544933319
0.03211566060781479
0.024484768509864807
0.0241859033703804
0.027631698176264763
0.023746680468320847
0.021007530391216278
0.02310147136449814
0.02844887599349022
0.02240026742219925
0.021940331906080246
0.02363118901848793
0.02516625076532364
0.024839572608470917
0.02037058398127556
0.05079006403684616
0.03315635770559311
0.02874572202563286
0.028589602559804916
0.02629738673567772
0.024099674075841904
0.02393360249698162
0.027593277394771576
0.028606656938791275
0.026277843862771988
0.022537104785442352
0.02718677744269371
0.022497553378343582
0.021454334259033203
0.024955563247203827
0.022700494155287743
0.022430427372455597
0.022575736045837402
0.021653056144714355
0.022717757150530815
0.024896811693906784
0.02867797762155533
0.02041948027908802
0.024791918694972992
0.02284812182188034
0.026311710476875305
0.022557994350790977
0.02183964103460312
0.026038583368062973
0.021589895710349083
0.02169269695878029
0.02088119089603424
0.022907525300979614
0.021914569661021233
0.024057582020759583
0.04055381566286087
0.023085100576281548
0.025675926357507706
0.024489236995577812
0.0235948096960783
0.024521738290786743
0.022389523684978485
0.03893360123038292
0.0240124873816967
0.025162287056446075
0.022818446159362793
0.022897711023688316
0.024251054972410202
0.024022158235311508
0.023376427590847015
0.02562747523188591
0.022338073700666428
0.022633668035268784
0.023867182433605194
0.025326889008283615
0.024119101464748383
0.027896486222743988
0.021405857056379318
0.023126427084207535
0.023511745035648346
0.024956658482551575
0.02293912135064602
0.022341473028063774
0.025688020512461662
0.022171873599290848
0.022316809743642807
0.022170519456267357
0.02357480302453041
0.022689372301101685
0.02138291299343109
0.02686118334531784
0.024151824414730072
0.023920921608805656
0.023221995681524277
0.025419801473617554
0.02062131091952324
0.021125733852386475
0.046473369002342224
0.033036861568689346
0.024937406182289124
0.024268243461847305
0.023127034306526184
0.02498272806406021
0.024373343214392662
0.033269546926021576
0.02295796200633049
0.021313218399882317
0.02488432638347149
0.027835343033075333
0.022831488400697708
0.02255294844508171
0.033922914415597916
