0.7839090824127197
0.7693223357200623
0.7605170011520386
0.7083107829093933
0.7048605680465698
0.674633264541626
0.6639001369476318
0.6556320786476135
0.6566489338874817
0.662014901638031
0.6323588490486145
0.6455968618392944
0.6346927285194397
0.6170086860656738
0.640492856502533
0.623327374458313
0.6503217220306396
0.6379753351211548
0.6039698123931885
0.6152850389480591
0.6531208157539368
0.6326024532318115
0.6381114721298218
0.610647976398468
0.6178374290466309
0.6109054088592529
0.6024940609931946
0.6022834777832031
0.6127970218658447
0.6320774555206299
0.6100335121154785
0.6113417744636536
0.6171263456344604
0.609927773475647
0.6034523248672485
0.6081678867340088
0.6186293363571167
0.6128937005996704
0.5996749401092529
0.6238753795623779
0.6018905639648438
0.6148191690444946
0.6206573843955994
0.6230568885803223
0.6118311882019043
0.5914046764373779
0.6023716926574707
0.6098756194114685
0.5971896648406982
0.60246342420578
0.6101177930831909
0.6187452673912048
0.5982648134231567
0.6046314239501953
0.6139498949050903
0.6197361946105957
0.5924493670463562
0.5981796979904175
0.6085846424102783
0.618933916091919
0.6177178621292114
0.6077920794487
0.624540388584137
0.6170001029968262
0.6083780527114868
0.6048234701156616
0.6138065457344055
0.6013152003288269
0.5919198989868164
0.6180095672607422
0.6001867055892944
0.5965189933776855
0.6085429191589355
0.6006865501403809
0.6135789155960083
0.6068897843360901
0.6089534759521484
0.6102511882781982
0.6131871938705444
0.599959135055542
0.5987800359725952
0.6120860576629639
0.5930116772651672
0.6017156839370728
0.6109159588813782
0.5997051000595093
0.6201181411743164
0.5971070528030396
0.5782172679901123
0.6037137508392334
0.6414302587509155
0.5983967781066895
0.6149790287017822
0.6003029942512512
0.5969741940498352
0.5988327264785767
0.5988913178443909
0.6070618033409119
0.6061574220657349
0.5879629850387573
0.5886661410331726
0.6068304777145386
0.6004834175109863
0.6087150573730469
0.6040338277816772
0.6112069487571716
0.6002699136734009
0.5909413695335388
0.5961858630180359
0.5967671275138855
0.6020181179046631
0.589302659034729
0.6001993417739868
0.5892084836959839
0.6012902855873108
0.5935429334640503
0.6000055074691772
0.6020780801773071
0.6345452070236206
0.595400333404541
0.6065091490745544
0.5852952003479004
0.590766191482544
0.6068063974380493
0.5981419086456299
0.5965220928192139
0.6011049151420593
0.587144672870636
0.592180609703064
0.5906974673271179
0.6118595600128174
0.6030094623565674
0.6034529209136963
0.6137312054634094
0.6188852787017822
0.5822831392288208
0.5897976160049438
0.592797577381134
0.5984597206115723
0.5980381965637207
0.6045066714286804
0.5970181226730347
0.5884996652603149
0.6005330681800842
0.5895036458969116
0.5986593961715698
0.6058482527732849
0.6023791432380676
0.5857541561126709
0.5808650255203247
0.5980643033981323
0.6170042753219604
0.5987493991851807
0.6069178581237793
0.5930148363113403
0.5987451672554016
0.6000450849533081
0.6041396856307983
0.5855879783630371
0.5974874496459961
0.6022012233734131
0.5766854286193848
0.5857269763946533
0.6007080078125
0.6004456281661987
0.5950601100921631
0.592751145362854
0.6156298518180847
0.5775214433670044
0.5983173847198486
0.6010948419570923
0.5845299363136292
0.5933805704116821
0.6003128290176392
0.6111547350883484
0.5835584402084351
0.5920262336730957
0.5913652181625366
0.6003556251525879
0.6053474545478821
0.5991119742393494
0.5891633033752441
0.5799859762191772
0.5924521684646606
0.5912095308303833
0.5916103720664978
0.6021744608879089
0.5990336537361145
0.566591739654541
0.5794965028762817
0.5922319889068604
0.5842763185501099
0.6086544990539551
0.588870644569397
0.5869413614273071
0.6280785799026489
0.592057466506958
0.5800797939300537
0.5863891839981079
0.5905390977859497
0.6024987697601318
0.5886967182159424
0.6136674880981445
0.588140606880188
0.5878133773803711
0.6080852746963501
0.5789145827293396
0.5896304845809937
0.588225245475769
0.6204177141189575
0.6001922488212585
0.5893648862838745
0.5882625579833984
0.5813939571380615
0.6000778079032898
0.5826917886734009
0.6074249744415283
0.5972851514816284
0.5864954590797424
0.5922713279724121
0.591404914855957
0.5860880017280579
0.5807905793190002
0.5834431052207947
0.5924721956253052
0.5879257321357727
0.584057092666626
0.5845649242401123
0.5922861695289612
0.5904391407966614
0.5688926577568054
0.5902949571609497
0.5747634172439575
0.5947176218032837
0.5789881348609924
0.5902223587036133
0.6030653715133667
0.587539792060852
0.5775529146194458
0.5980178117752075
0.6007841229438782
0.5709657669067383
0.5881935358047485
0.5969220399856567
0.6032035946846008
0.5833449959754944
0.5769731998443604
0.5918669104576111
0.614835798740387
0.5824800729751587
0.5829805135726929
0.5687605738639832
0.5990658402442932
0.5833024382591248
0.5831971168518066
0.5755442976951599
0.5863708853721619
0.5899506211280823
0.5900803804397583
0.604204535484314
0.5853601694107056
0.5893136262893677
0.5771027207374573
0.5811623930931091
0.5748642683029175
0.581083357334137
0.5938758254051208
0.5788267850875854
0.5834813117980957
0.5930047631263733
0.5859481692314148
0.5784614086151123
0.5975285172462463
0.5976784229278564
0.5827511548995972
0.5818942189216614
0.5937134027481079
0.5872710943222046
0.5831928253173828
0.6133924722671509
0.5799919962882996
0.5861520171165466
0.592705488204956
0.5751364827156067
0.5844700932502747
0.5900706648826599
0.5898752212524414
0.590196967124939
0.580082893371582
0.582432210445404
0.5845732092857361
0.585230827331543
0.5846075415611267
0.6050101518630981
0.5869853496551514
0.5865522623062134
0.5864260196685791
0.5805922150611877
0.5881906747817993
0.5784745216369629
0.57364821434021
0.5794719457626343
0.5997216701507568
0.5826236009597778
0.5867913365364075
0.5796343088150024
0.5773192644119263
0.5769721865653992
0.5841822624206543
0.5958462953567505
0.5893282890319824
0.5796222686767578
0.5685659646987915
0.5889923572540283
0.5695559978485107
0.5818193554878235
0.5695622563362122
0.5933420658111572
0.591275691986084
0.5783325433731079
0.58363938331604
0.6139523983001709
0.5820881128311157
0.5847157835960388
0.581482470035553
0.5776487588882446
0.5869327783584595
0.5905386805534363
0.5907597541809082
0.5735438466072083
0.6030005812644958
0.5840071439743042
0.5738590359687805
0.5882848501205444
0.5819445848464966
0.5752158164978027
0.5947549343109131
0.5912179946899414
0.5778368711471558
0.5766301155090332
0.5859755277633667
0.5788861513137817
0.5634830594062805
0.5862093567848206
0.574694037437439
0.5741516351699829
0.5847926139831543
0.5887513160705566
0.5792644023895264
0.5949423313140869
0.5719975829124451
0.5700010061264038
0.5935996770858765
0.587428092956543
0.5820727348327637
0.5763125419616699
0.5964036583900452
0.5861610770225525
0.5760980248451233
0.5844919085502625
0.5872242450714111
0.5716269612312317
0.5785170793533325
0.595281183719635
0.5818570256233215
0.5903552770614624
0.5853677988052368
0.572635293006897
0.565599799156189
0.5846400260925293
0.6132017970085144
0.5773530006408691
0.5887793302536011
0.5855427384376526
0.5929341316223145
0.5700819492340088
0.5740350484848022
0.5767501592636108
0.5829541683197021
0.580755352973938
0.5715505480766296
0.5850179195404053
0.5729174613952637
0.5868830680847168
0.5939067006111145
0.6047365665435791
0.5704687833786011
0.5742099285125732
0.5814977884292603
0.5738828182220459
0.583976686000824
0.586180567741394
0.5844942331314087
0.5925611853599548
0.5700758695602417
0.5831336975097656
0.5754603147506714
0.5794405937194824
0.5584128499031067
0.5776643753051758
0.5991655588150024
0.5828487873077393
0.5787639617919922
0.5647072792053223
0.5756451487541199
0.5867606997489929
0.5851582288742065
0.5872864127159119
0.5801578760147095
0.5824160575866699
0.5724393129348755
0.5802505612373352
0.5702670812606812
0.5630590915679932
0.5733877420425415
0.5801043510437012
0.6046454310417175
0.582866907119751
0.5857290029525757
0.5823886394500732
0.5886651277542114
0.6055864095687866
0.5752288103103638
0.5678206086158752
0.5902110934257507
0.574491560459137
0.5513213276863098
0.5909713506698608
0.5682699680328369
0.5927552580833435
0.5720564126968384
0.5718613862991333
0.5752443075180054
0.5850791931152344
0.5611820220947266
0.5891093611717224
0.5759259462356567
0.5780165791511536
0.587631106376648
0.5772612690925598
0.587396502494812
0.5649322271347046
0.5842621326446533
0.5890328884124756
0.5729504823684692
0.5812004804611206
0.571895182132721
0.5839820504188538
0.5830504298210144
0.5789100527763367
0.5838268399238586
0.5763322114944458
0.5764597058296204
0.5711729526519775
0.5577573776245117
0.5634496212005615
0.5807532072067261
0.5850875377655029
0.577161431312561
0.5628046989440918
0.5954841375350952
0.593596339225769
0.5665305256843567
0.5627913475036621
0.5753834247589111
0.5840156078338623
0.5713146924972534
0.6013720035552979
0.5967391729354858
0.5641381740570068
0.5886096358299255
0.5782589912414551
0.5612266063690186
0.579503059387207
0.5780639052391052
0.6099941730499268
0.5975033044815063
0.5760167837142944
0.5780516862869263
0.5710287094116211
0.5677699446678162
0.5638717412948608
0.5987560153007507
0.5650269985198975
0.5735372304916382
0.5636690855026245
0.5768850445747375
0.5823925733566284
0.5796225666999817
0.591792106628418
0.5655920505523682
0.5700284242630005
0.5790992975234985
0.5659185647964478
0.5711029767990112
0.5837829113006592
0.6030042171478271
0.574285089969635
0.5683701038360596
0.5764010548591614
0.6040170192718506
0.5682650208473206
0.5669845342636108
0.5542902946472168
0.580730140209198
0.5856748223304749
0.5589585304260254
0.5750336050987244
0.5619735717773438
0.563711404800415
0.5919000506401062
0.5883815884590149
0.5667276382446289
0.5670764446258545
0.571568489074707
0.5648742914199829
0.5792645215988159
0.5787585973739624
0.5435185432434082
0.5761119723320007
0.5811843872070312
0.576680064201355
0.5606715679168701
0.5872259140014648
0.5740410685539246
0.5712531805038452
0.5623208284378052
0.5738325119018555
0.5606350898742676
0.571248471736908
0.5639321804046631
0.5612205266952515
0.5599391460418701
0.5772609710693359
0.5648434162139893
0.5670157670974731
0.5768296718597412
0.5660818815231323
0.5702091455459595
0.5455402135848999
0.5599915981292725
0.5644016861915588
0.5816959142684937
0.570380687713623
0.5710821151733398
0.5804479122161865
0.5601866245269775
0.5726610422134399
0.5635751485824585
0.5723919868469238
0.5603616833686829
0.5667920708656311
0.5611186027526855
0.5684036016464233
0.5504837036132812
0.5799342393875122
0.563563346862793
0.5527104139328003
0.5655577778816223
0.5504856109619141
0.5933921933174133
0.5538716316223145
0.5635477304458618
0.55573570728302
0.5794476270675659
0.5523009896278381
0.5259252190589905
0.5792051553726196
0.5764903426170349
0.559813916683197
0.5525690913200378
0.5417637825012207
0.5691573619842529
0.549277663230896
0.5392466187477112
0.5738840103149414
0.5692851543426514
0.5707230567932129
0.5511794090270996
0.5664723515510559
0.5714826583862305
0.5697296261787415
0.5762163996696472
0.5585098266601562
0.5452278852462769
0.5747238397598267
0.5583907961845398
0.5952776670455933
0.5636525750160217
0.5630747675895691
0.5668982863426208
0.5700374841690063
0.5611743927001953
0.5681833624839783
0.5694711804389954
0.5530399680137634
0.5805909037590027
0.549443781375885
0.5551037788391113
0.5738019943237305
0.5722249746322632
0.5421352386474609
0.5657197833061218
0.5752034783363342
0.5442830324172974
0.5553158521652222
0.5664708018302917
0.5644793510437012
0.556188702583313
0.5611861348152161
0.5575454235076904
0.5631781816482544
0.5491781234741211
0.5665831565856934
0.5574975609779358
0.556500256061554
0.5638333559036255
0.5494728088378906
0.5719727873802185
0.5602687001228333
0.5551847219467163
0.5564641952514648
0.5313684940338135
0.5652109980583191
0.5416218042373657
0.561869740486145
0.5480853319168091
0.5784207582473755
0.5625605583190918
0.5491799116134644
0.5585882067680359
0.5598677396774292
0.5633537769317627
0.5631998777389526
0.5495299100875854
0.5472795367240906
0.5761941075325012
0.5758821964263916
0.5503016710281372
0.5599488615989685
0.552243709564209
0.5454483032226562
0.5583547949790955
0.5678863525390625
0.5459339618682861
0.572934627532959
0.5590245723724365
0.5600694417953491
0.5554506778717041
0.5452057719230652
0.568832516670227
0.5525191426277161
0.5518167614936829
0.5461143851280212
0.5472866296768188
0.5628552436828613
0.5798584818840027
0.5592279434204102
0.5653978586196899
0.564270555973053
0.5482453107833862
0.5507138967514038
0.55147385597229
0.5575841665267944
0.5349991917610168
0.5558633804321289
0.554038941860199
0.5690625905990601
0.5526360869407654
0.5374038815498352
0.5736684203147888
0.5202517509460449
0.576248049736023
0.5531231164932251
0.5522884130477905
0.5529878735542297
0.5393510460853577
0.561026394367218
0.5721420049667358
0.5587831735610962
0.5548098683357239
0.5582723021507263
0.542235255241394
0.5651415586471558
0.5473546385765076
0.5651467442512512
0.5726315975189209
0.5618760585784912
0.5396804809570312
0.5596778392791748
0.556945264339447
0.5399194955825806
0.5446714162826538
0.5666131377220154
0.5554906129837036
0.5516172051429749
0.55806964635849
0.5388378500938416
0.5519197583198547
0.5607690811157227
0.5673187375068665
0.5528522729873657
0.5429169535636902
0.5518732666969299
0.5755571126937866
0.5556616187095642
0.5585444569587708
0.571597695350647
0.5555146932601929
0.5526390671730042
0.5509796738624573
0.5591843128204346
0.5440132021903992
0.5355454683303833
0.5579222440719604
0.5334795713424683
0.540839672088623
0.5746759176254272
0.5627040863037109
0.5498231649398804
0.566341757774353
0.5541995763778687
0.5552904605865479
0.5272215604782104
0.5738041400909424
0.5565778613090515
0.5444058179855347
0.6046414375305176
0.552916944026947
0.5471973419189453
0.5668952465057373
0.5598036646842957
0.5454415678977966
0.5475232601165771
0.5772278904914856
0.5579240322113037
0.5440338253974915
0.5697693824768066
0.5514414310455322
0.5579348802566528
0.5491526126861572
0.5551497936248779
0.5351070165634155
0.5494294762611389
0.5655611157417297
0.5541036128997803
0.5606098771095276
0.5466774702072144
0.5570487976074219
0.5454281568527222
0.5604536533355713
0.5497269630432129
0.557257890701294
0.5470137596130371
0.5578827857971191
0.5367040038108826
0.5480014681816101
0.5540037155151367
0.5610555410385132
0.5436498522758484
0.5449527502059937
0.5619907975196838
0.5476694107055664
0.5268825888633728
0.566318154335022
0.5474117994308472
0.5722813606262207
0.5414611101150513
0.5613121390342712
0.5448908805847168
0.5529807806015015
0.5683426856994629
0.5547466278076172
0.5342540144920349
0.5524255633354187
0.5418339371681213
0.5573269724845886
0.5559177398681641
0.5444790720939636
0.553314208984375
0.5336911082267761
0.5532820820808411
0.5577269792556763
0.5361793041229248
0.5450397729873657
0.5560349225997925
0.549409031867981
0.5532665252685547
0.5444542169570923
0.5411816835403442
0.6168072819709778
0.5389248132705688
0.5488330125808716
0.563241183757782
0.558252215385437
0.5512077808380127
0.5487803220748901
0.5235304832458496
0.5672609210014343
0.5559974908828735
0.5568327903747559
0.5478345155715942
0.5325396656990051
0.5567195415496826
0.5351822972297668
0.5614514946937561
0.5462781190872192
0.5458242893218994
0.5390207767486572
0.5674634575843811
0.5585544109344482
0.5245797038078308
0.5421469211578369
0.5404059886932373
0.5614274740219116
0.5554856061935425
0.5662213563919067
0.5403826236724854
0.5223270654678345
0.5560238361358643
0.5659533739089966
0.546622633934021
0.5553643703460693
0.5441880226135254
0.5609712600708008
0.5238738059997559
0.5633792281150818
0.5352544784545898
0.5633376240730286
0.5638073682785034
0.5462203025817871
0.5507736206054688
0.5273020267486572
0.5466803908348083
0.5769314765930176
0.5518410205841064
0.542040228843689
0.5563416481018066
0.535973072052002
0.5183669924736023
0.536558985710144
0.5611007213592529
0.5307684540748596
0.551095724105835
0.5563747882843018
0.5599671602249146
0.5486910939216614
0.5594180822372437
0.5549837350845337
0.5428958535194397
0.5371440052986145
0.5376496911048889
0.5435289144515991
0.5800445675849915
0.5436510443687439
0.5644199848175049
0.5515336990356445
0.5545437932014465
0.5368719100952148
0.5563396215438843
0.5321027040481567
0.5324781537055969
0.5416961908340454
0.5684916973114014
0.5383627414703369
0.5609316825866699
0.5456202030181885
0.5922631025314331
0.5570163726806641
0.5544525384902954
0.55323725938797
0.5379723310470581
0.5341280698776245
0.5508477091789246
0.5440891981124878
0.5439701080322266
0.5568539500236511
0.536964476108551
0.5384774208068848
0.5428625345230103
0.5581086874008179
0.5528278946876526
0.570181131362915
0.5577297210693359
0.5411105751991272
0.5587151050567627
0.5414879322052002
0.5297436714172363
0.5530837774276733
0.5503672957420349
0.5558313131332397
0.5416135787963867
0.54271000623703
0.5601773262023926
0.5261222124099731
0.5569446086883545
0.547213613986969
0.5347214937210083
0.5447521805763245
0.5628136992454529
0.5483531355857849
0.5346665978431702
0.5330604314804077
0.5415439605712891
0.5568355917930603
0.5540109276771545
0.5434284210205078
0.5397799015045166
0.5434795618057251
0.5448166131973267
0.5490319132804871
0.5599107146263123
0.5421704053878784
0.5358536243438721
0.5431968569755554
0.5395455956459045
0.5365716218948364
0.5371368527412415
0.5573251247406006
0.5450566411018372
0.551588773727417
0.5345776677131653
0.5384706258773804
0.5673737525939941
0.5378631353378296
0.5481483340263367
0.5353572964668274
0.536152720451355
0.5599859356880188
0.5522184371948242
0.5143749713897705
0.5523903965950012
0.55093914270401
0.5406058430671692
0.5482649803161621
0.55583256483078
0.5263993144035339
0.5750468969345093
0.5427677035331726
0.5657804012298584
0.5314310193061829
0.5431003570556641
0.5418249368667603
0.5442785620689392
0.5465176105499268
0.5316687226295471
0.5359305739402771
0.5337397456169128
0.552205502986908
0.5568464398384094
0.5511021614074707
0.5376713275909424
0.5306777358055115
0.5233235955238342
0.5398497581481934
0.5663197040557861
0.5499261021614075
0.5494397878646851
0.5585570335388184
0.5382117033004761
0.5419741868972778
0.5564124584197998
0.5420290231704712
0.5365898609161377
0.5418850183486938
0.568257212638855
0.5610538721084595
0.5426576137542725
0.5273361206054688
0.5558125972747803
0.5375407934188843
0.552802324295044
0.5287235379219055
0.5333034992218018
0.5636013150215149
0.5529760122299194
0.5256285071372986
0.5398674607276917
0.5523600578308105
0.5533651113510132
0.5411890149116516
0.5291508436203003
0.5605992674827576
0.5319126844406128
0.5550577640533447
0.5412963628768921
0.5515084862709045
0.5520786643028259
0.55951988697052
0.5308046936988831
0.5332909822463989
0.559576153755188
0.5494042634963989
0.5711227655410767
0.5494610071182251
0.5489987730979919
0.5339667797088623
0.5536092519760132
0.5504872798919678
0.5375056266784668
0.5527533292770386
0.5326192378997803
0.5444778203964233
0.5570164918899536
0.5557504892349243
0.529151439666748
0.544575572013855
0.5428792834281921
0.5593947768211365
0.5376797318458557
0.5364799499511719
0.5396608114242554
0.54860520362854
0.542037844657898
0.5302993059158325
0.5563876628875732
0.5428931713104248
0.5405209064483643
0.535416841506958
0.5580532550811768
0.5293712615966797
0.5517904758453369
0.5308884382247925
0.5502825379371643
0.5536569356918335
0.5445165038108826
0.529830276966095
0.5424378514289856
0.6071642637252808
0.5412046909332275
0.5421305298805237
0.5429496765136719
0.5367945432662964
0.573456346988678
0.5317539572715759
0.5580679178237915
0.5350978374481201
0.5536859035491943
0.5484086275100708
0.5460097789764404
0.5564744472503662
0.51881343126297
0.5372843742370605
0.5427207350730896
0.5363010168075562
0.5368075370788574
0.5393076539039612
0.5470239520072937
0.5438889265060425
0.5295302867889404
0.5338425636291504
0.5562878847122192
0.5417726039886475
0.5384267568588257
0.5372911691665649
0.5376148223876953
0.5689302682876587
0.5454297661781311
0.5497637391090393
0.5376877784729004
0.538201630115509
0.539627194404602
0.5470618605613708
0.544424295425415
0.5503876209259033
0.5297446846961975
0.546571671962738
0.5472109913825989
0.5273131132125854
0.5399773120880127
0.589621901512146
0.5449501872062683
0.5417065024375916
0.5509999990463257
0.5317729711532593
0.5375428199768066
0.5458675622940063
0.575089693069458
0.5410991311073303
0.5346604585647583
0.5381324887275696
0.5386885404586792
0.5413023233413696
0.5601992607116699
0.5390149354934692
0.5529961585998535
0.5254594087600708
0.5411933064460754
0.5490874648094177
0.545485258102417
0.5434752702713013
0.523037314414978
0.5403031706809998
0.5315760374069214
0.5472534894943237
0.5415005683898926
0.5442212224006653
0.5292927026748657
0.6043863296508789
0.5356417894363403
0.5289746522903442
0.5518521070480347
0.5465191006660461
0.5364291667938232
0.5445456504821777
0.5470278263092041
0.5359802842140198
0.5247675180435181
0.540890097618103
0.5511351823806763
0.5378929972648621
0.5373455286026001
0.564153790473938
0.5232750773429871
0.5380316972732544
0.5499203205108643
0.5379956960678101
0.5471850633621216
0.544703483581543
0.543571949005127
0.5324041843414307
0.5340701937675476
0.5497077703475952
0.5374311804771423
0.5474627017974854
0.5421295166015625
0.5217582583427429
0.5237252712249756
0.5306087732315063
0.5633189678192139
0.5481175184249878
0.539324939250946
0.5480062961578369
0.5173269510269165
0.5370266437530518
0.5415472388267517
0.5381935834884644
0.5634512305259705
0.5363044142723083
0.5402547121047974
0.48671668767929077
0.5354287028312683
0.56076580286026
0.5394392013549805
0.5314217805862427
0.5398241281509399
0.5380013585090637
0.5735959410667419
0.5405535101890564
0.5323730111122131
0.5324580669403076
0.5528910160064697
0.548680305480957
0.5286384224891663
0.5437208414077759
0.5376573801040649
0.5471185445785522
0.5360172390937805
0.5340806245803833
0.5327004194259644
0.5523145198822021
0.5608439445495605
0.5468599200248718
0.5428966283798218
0.5444424152374268
0.5590733885765076
0.5267497897148132
0.5326904058456421
0.5177397131919861
0.5345818996429443
0.5380669832229614
0.5396369695663452
0.534301221370697
0.5496224761009216
0.53583163022995
0.5663681626319885
0.5236096382141113
0.5247535705566406
0.5508710145950317
0.546579897403717
0.551663875579834
0.5360852479934692
0.5608277320861816
0.5425584316253662
0.5369395613670349
0.5337479710578918
0.5534103512763977
0.5298019647598267
0.5333367586135864
0.5496457815170288
0.5263656973838806
0.5335885286331177
0.5343353152275085
0.5274850130081177
0.5429726839065552
0.5567887425422668
0.578680157661438
0.5406874418258667
0.5640725493431091
0.5348973870277405
0.5338576436042786
0.521217942237854
0.5476373434066772
0.5401591062545776
0.554069459438324
0.5255749225616455
0.5184173583984375
0.5537463426589966
0.5422987341880798
0.5371452569961548
0.5898755192756653
0.5481523871421814
0.5433374643325806
0.5144949555397034
0.5387957692146301
0.5363394021987915
0.5610789060592651
0.5391339063644409
0.5458601713180542
0.5473583936691284
0.5208829641342163
0.5515830516815186
0.5366296768188477
0.5350711345672607
0.5403403639793396
0.5438936352729797
0.5232788324356079
0.5483370423316956
0.5479254722595215
0.5459878444671631
0.537355899810791
0.4952206313610077
0.5373928546905518
0.5313547849655151
0.5307451486587524
0.549818217754364
0.5475608110427856
0.5464663505554199
0.5342517495155334
0.5271563529968262
0.5525869131088257
0.5225484371185303
0.5349273681640625
0.5488545894622803
0.5544490218162537
0.552361249923706
0.536529004573822
0.5514259934425354
0.5241715908050537
0.5359088182449341
0.5394704341888428
0.5528953075408936
0.5415144562721252
0.5374908447265625
0.5302060842514038
0.5275477170944214
0.5341126322746277
0.5421397686004639
0.5468953847885132
0.5662367939949036
0.5449213981628418
0.5400328636169434
0.5208887457847595
0.5448870658874512
0.5537484288215637
0.5355151295661926
0.546127438545227
0.5529489517211914
0.5307942628860474
0.5371986627578735
0.527079701423645
0.5513118505477905
0.5350787043571472
0.5417818427085876
0.5465862154960632
0.5453792214393616
0.5167889595031738
0.5310722589492798
0.5324156880378723
0.5443483591079712
0.5737312436103821
0.5358843803405762
0.5381588935852051
0.5397579669952393
0.5518903136253357
0.5236393809318542
0.546066403388977
0.5311741828918457
0.5617426633834839
0.545127272605896
0.5396875143051147
0.5356131196022034
0.5263515710830688
0.5302754640579224
0.5172606706619263
0.5427291989326477
0.5435529351234436
0.5289076566696167
0.5417423248291016
0.5447300672531128
0.5248336791992188
0.556787371635437
0.5285893678665161
0.5274779796600342
0.5424264669418335
0.5440144538879395
0.5307167768478394
0.5379902124404907
0.5490336418151855
0.5355725884437561
0.5444652438163757
0.5173394680023193
0.5411970615386963
0.5305454134941101
0.5474580526351929
0.5451568365097046
0.5478795170783997
0.54347163438797
0.5350227355957031
0.5205624103546143
0.5322833061218262
0.5376132130622864
0.5671274662017822
0.5445491075515747
0.5374098420143127
0.5485531687736511
0.5302138924598694
0.5292001962661743
0.5415111780166626
0.5135045051574707
0.5222539901733398
0.5361674427986145
0.5417564511299133
0.5397997498512268
0.5388866066932678
0.53281569480896
0.566409707069397
0.5489411354064941
0.5288848876953125
0.5257360935211182
0.5498257875442505
0.5465879440307617
0.5124084949493408
0.5687776207923889
0.5292379856109619
0.5490710735321045
0.5374251008033752
0.5241706371307373
0.5283111333847046
0.5620806813240051
0.542232871055603
0.5342425107955933
0.5250670909881592
0.548798680305481
0.5448460578918457
0.5328807234764099
0.5470340251922607
0.5283551216125488
0.5501148700714111
0.5358609557151794
0.5394399166107178
0.5376099348068237
0.5308644771575928
0.5230163931846619
0.5583462715148926
0.5157788991928101
0.5332809090614319
0.5414383411407471
0.5480159521102905
0.5452324748039246
0.5347487330436707
0.547174870967865
0.5445894002914429
0.5385321378707886
0.5530366897583008
0.5286569595336914
0.5265570282936096
0.5255299806594849
0.548481822013855
0.5321797132492065
0.5353401899337769
0.5430248975753784
0.5505648851394653
0.5368973016738892
0.5305328965187073
0.527367115020752
0.5231691598892212
0.5382950305938721
0.5441610813140869
0.5207054615020752
0.5519509315490723
0.534704327583313
0.6025618314743042
0.5512197017669678
0.5359002351760864
0.543613076210022
0.5559352040290833
0.5270955562591553
0.5187606811523438
0.5340338945388794
0.5418004393577576
0.5291211605072021
0.5445642471313477
0.5208271741867065
0.5280179977416992
0.5477973222732544
0.5660659074783325
0.5306714773178101
0.5357542037963867
0.5524886250495911
0.5542082786560059
0.5310732126235962
0.5327485203742981
0.49504730105400085
0.524140477180481
0.5396538376808167
0.5327448844909668
0.5309433937072754
0.5637090802192688
0.5535199642181396
0.5246545076370239
0.5372022986412048
0.5441995859146118
0.5332292914390564
0.5447614789009094
0.5247482061386108
0.5384578108787537
0.5491870641708374
0.5387070178985596
0.5409771203994751
0.5326257944107056
0.529975414276123
0.5397647619247437
0.5354996919631958
0.5449777841567993
0.5246488451957703
0.5296667814254761
0.525266706943512
0.5336270332336426
0.5487563610076904
0.5424227714538574
0.5442689657211304
0.5476877689361572
0.5379327535629272
0.5394253730773926
0.5578649640083313
0.5138047933578491
0.5216147899627686
0.5659493207931519
0.5338312983512878
0.534002423286438
0.5346360206604004
0.5234369039535522
0.5471317172050476
0.5408340096473694
0.5195521116256714
0.5303456783294678
0.5369153022766113
0.5193041563034058
0.5466146469116211
0.5511344075202942
0.5330436825752258
0.5493033528327942
0.5377590656280518
0.5277407169342041
0.5396857857704163
0.5323264002799988
0.5295050144195557
0.5496109127998352
0.5337825417518616
0.5424962043762207
0.5498547554016113
0.5268447995185852
0.528252363204956
0.5546427965164185
0.5200397968292236
0.5180251002311707
0.511563777923584
0.5467863082885742
0.5450477600097656
0.5466721653938293
0.5271966457366943
0.5325754880905151
0.5342916250228882
0.5378035306930542
0.5240790843963623
0.5340843200683594
0.5340180397033691
0.5304274559020996
0.5511506199836731
0.5341911315917969
0.5232019424438477
0.5305970907211304
0.5480046272277832
0.529120922088623
0.5366876721382141
0.5348135232925415
0.5650249123573303
0.5424127578735352
0.5294754505157471
0.535763144493103
0.5389288067817688
0.5245476961135864
0.5307239294052124
0.5333106517791748
0.5233044624328613
0.5340723991394043
0.5388302206993103
0.5286277532577515
0.5225311517715454
0.5531910061836243
0.539152979850769
0.5421350002288818
0.5339850187301636
0.533950686454773
0.5298646092414856
0.524804413318634
0.5337882041931152
0.5761210918426514
0.5448969602584839
0.5298433303833008
0.5297126770019531
0.5288136601448059
0.5326700210571289
0.5474656820297241
0.5515120029449463
0.5367231965065002
0.5440173149108887
0.5267011523246765
0.5359275341033936
0.5240962505340576
0.5426748991012573
0.5174679756164551
0.5243641138076782
0.518079400062561
0.5646657943725586
0.5320598483085632
0.5392488241195679
0.533718466758728
0.561957836151123
0.5370981097221375
0.5364835858345032
0.5322490930557251
0.5352720022201538
0.5261759757995605
0.5367066264152527
0.5535850524902344
0.519088864326477
0.5379396080970764
0.551459550857544
0.5396732091903687
0.5212873220443726
0.5447664856910706
0.5359071493148804
0.5347214341163635
0.5547064542770386
0.5245472192764282
0.5220611095428467
0.5402590036392212
0.5269462466239929
0.5438990592956543
0.547967791557312
0.5341874361038208
0.5362930297851562
0.5204680562019348
0.540768027305603
0.5243993401527405
0.5368272662162781
0.5280743837356567
0.5381046533584595
0.5251813530921936
0.545955240726471
0.5273605585098267
0.5338111519813538
0.5319309830665588
0.5445314645767212
0.5219813585281372
0.5335711240768433
0.5518182516098022
0.5173513889312744
0.53995680809021
0.5178451538085938
0.5291709303855896
0.530682384967804
0.5278338193893433
0.5340834259986877
0.5462232232093811
0.5352078080177307
0.5715433359146118
0.5295218825340271
0.522392988204956
0.5339345932006836
0.5352405905723572
0.5342841148376465
0.542407751083374
0.5345476269721985
0.5401564836502075
0.5416815280914307
0.5328100323677063
0.5324553847312927
0.5303840637207031
0.5161810517311096
0.5518547296524048
0.5410387516021729
0.5288079977035522
0.5077091455459595
0.5191112160682678
0.5547463297843933
0.5462502837181091
0.5498576760292053
0.5341954231262207
0.5298277735710144
0.5274781584739685
0.5328636765480042
0.5418527126312256
0.5280938744544983
0.5508532524108887
0.5511482357978821
0.5376501083374023
0.5420166850090027
0.5219368934631348
0.5211206078529358
0.5217010974884033
0.5513077974319458
0.5286589860916138
0.5441883206367493
0.5315886735916138
0.533168375492096
0.5332119464874268
0.5259661674499512
0.5452845096588135
0.5410047173500061
0.5238896012306213
0.5416432023048401
0.5249533653259277
0.5257660746574402
0.5523625612258911
0.5082768201828003
0.5386226177215576
0.5417144298553467
0.5243673324584961
0.5213949680328369
0.5582454204559326
0.5301585793495178
0.5069806575775146
0.5428715944290161
0.5284165143966675
0.5421929955482483
0.5173850059509277
0.5373902320861816
0.5357663035392761
0.5019681453704834
0.5268245935440063
0.5182321071624756
0.5407218337059021
0.5129829049110413
0.5630196928977966
0.5434951782226562
0.5155365467071533
0.5193635821342468
0.5523173809051514
0.5384331345558167
0.5205609202384949
0.5308594703674316
0.5412322878837585
0.5468451976776123
0.5362349152565002
0.521827220916748
0.5322459936141968
0.5458403825759888
0.5254433155059814
0.5343345403671265
0.5620635151863098
0.5408971309661865
0.5472622513771057
0.5079995393753052
0.545305073261261
0.5237470269203186
0.5444774627685547
0.5344108939170837
0.5211438536643982
0.5329293012619019
0.5370602011680603
0.5490307807922363
0.525413990020752
0.5228571891784668
0.5714998841285706
0.5297914743423462
0.5423597097396851
0.53511643409729
0.533158540725708
0.550693690776825
0.519879937171936
0.49588799476623535
0.5353258848190308
0.5464037656784058
0.5348538160324097
0.5396171808242798
0.534432590007782
0.5127714276313782
0.5270693302154541
0.5338311195373535
0.5344635248184204
0.545981764793396
0.5337414145469666
0.5457054972648621
0.5160727500915527
0.5241552591323853
0.5425176024436951
0.5358640551567078
0.5301216840744019
0.5396040678024292
0.5223375558853149
0.5293785333633423
0.5295575857162476
0.528952956199646
0.5136429667472839
0.5318785905838013
0.5341343283653259
0.5329015254974365
0.553879976272583
0.5316002368927002
0.5442782640457153
0.5398434996604919
0.5272279977798462
0.5348936319351196
0.5298110842704773
0.5298935770988464
0.5194957256317139
0.5307255983352661
0.534925103187561
0.5499000549316406
0.5463193655014038
0.5299719572067261
0.5225133299827576
0.5139424800872803
0.5399906635284424
0.5524096488952637
0.5261022448539734
0.5376596450805664
0.5375624895095825
0.5419629216194153
0.5399875640869141
0.5288652181625366
0.5487716794013977
0.5218169689178467
0.5437774062156677
0.5279853343963623
0.5263394117355347
0.5610364675521851
0.529829740524292
0.542399525642395
0.5224385261535645
0.5204988718032837
0.5400089621543884
0.5414764881134033
0.5166209936141968
0.5187225937843323
0.5283405780792236
0.5222952961921692
0.5347344875335693
0.543158769607544
0.5365526676177979
0.5629578232765198
0.5344095230102539
0.5341541767120361
0.5343627333641052
0.5261367559432983
0.5341339111328125
0.5171362161636353
0.5882883667945862
0.5366668701171875
0.5356872081756592
0.5434898138046265
0.5237711668014526
0.5238239765167236
0.5267654657363892
0.5379445552825928
0.5255546569824219
0.5359167456626892
0.5223771929740906
0.5447505116462708
0.5185253024101257
0.5437113046646118
0.5313258171081543
0.5295654535293579
0.5227402448654175
0.5383586883544922
0.527706503868103
0.5381525754928589
0.5384742021560669
0.5672588348388672
0.5207988023757935
0.5373498797416687
0.5484984517097473
0.5062109231948853
0.5386152267456055
0.5415383577346802
0.5314704775810242
0.5158913135528564
0.5166426301002502
0.5486181378364563
0.5383362770080566
0.5426421165466309
0.5278862714767456
0.5295755863189697
0.5342274308204651
0.5321937799453735
0.5367704033851624
0.5208461284637451
0.5249038338661194
0.525604248046875
0.5684680938720703
0.5249552726745605
0.536395788192749
0.5213361382484436
0.5412235260009766
0.5268019437789917
0.5291132926940918
0.5840520858764648
0.5211473703384399
0.5510554909706116
0.5238200426101685
0.5412015914916992
0.5399723052978516
0.5190916061401367
0.5376294851303101
0.5338445901870728
0.5342946648597717
0.5385996103286743
0.5284868478775024
0.5255284309387207
0.524739146232605
0.5567589402198792
0.5348775386810303
0.526138424873352
0.5312026739120483
0.5340349674224854
0.5176535844802856
0.5467091798782349
0.5515483021736145
0.5269798636436462
0.5319269299507141
0.5345697999000549
0.5133268237113953
0.5408599376678467
0.5571671724319458
0.5373890995979309
0.5336853861808777
0.5290571451187134
0.5327083468437195
0.5208703279495239
0.5374001264572144
0.543149471282959
0.5579739809036255
0.5241608619689941
0.5363245010375977
0.5494048595428467
0.5260167717933655
0.5351435542106628
0.535391628742218
0.511792004108429
0.5359150171279907
0.5232833027839661
0.5353451371192932
0.5277498960494995
0.5281360745429993
0.5341705083847046
0.5479186773300171
0.543428897857666
0.5278691649436951
0.5432628393173218
0.5170831680297852
0.5318692922592163
0.5267657041549683
0.5189331769943237
0.550302267074585
0.5456792712211609
0.5328781008720398
0.520966649055481
0.5205897688865662
0.5305593609809875
0.5109236240386963
0.5500732660293579
0.5404541492462158
0.5357317328453064
0.5395395755767822
0.504309356212616
0.5300642251968384
0.53537917137146
0.5284731388092041
0.5280900001525879
0.5353952050209045
0.5294428467750549
0.5292953252792358
0.5381065607070923
0.53489089012146
0.5168960094451904
0.5252169966697693
0.5478332042694092
0.5337390899658203
0.5402528643608093
0.5397207736968994
0.4992212653160095
0.5219616293907166
0.5339261889457703
0.5290027260780334
0.5201602578163147
0.5528284907341003
0.5302395820617676
0.5543420314788818
0.5245360732078552
0.5446666479110718
0.5246405601501465
0.5252515077590942
0.5416544675827026
0.5361344218254089
0.5136910676956177
0.5385627150535583
0.5350197553634644
0.5475883483886719
0.530235767364502
0.5268917679786682
0.5151827335357666
0.5118355751037598
0.5264102220535278
0.5335878729820251
0.5317257642745972
0.5382143259048462
0.5530864596366882
0.5132456421852112
0.5103832483291626
0.5229876041412354
0.5437624454498291
0.5475038290023804
0.5362998247146606
0.5236841440200806
0.5136412382125854
0.5248771905899048
0.515943169593811
0.5365855693817139
0.5146942138671875
0.5383679866790771
0.5448564291000366
0.5454718470573425
0.5128557085990906
0.5262029767036438
0.5182712078094482
0.5389156937599182
0.5262421369552612
0.5578315854072571
0.5236787796020508
0.5343564748764038
0.5168384313583374
0.5280798673629761
0.5318871140480042
0.5195355415344238
0.5458777546882629
0.5572319030761719
0.5398279428482056
0.5278311967849731
0.5248678922653198
0.5392444133758545
0.5396703481674194
0.5378116369247437
0.5122705101966858
0.5519187450408936
0.5121443271636963
0.5198577642440796
0.539338231086731
0.5423029661178589
0.5446289777755737
0.5240989923477173
0.5263863801956177
0.5238044261932373
0.537551999092102
0.5255663990974426
0.5351921319961548
0.5430989861488342
0.5178003311157227
0.538887083530426
0.5444421768188477
0.5192376971244812
0.5185345411300659
0.5469388961791992
0.533200204372406
0.532731294631958
0.49988827109336853
0.5306050181388855
0.5269743204116821
0.5397000312805176
0.5387691259384155
0.5415483713150024
0.5171768665313721
0.5321782827377319
0.5310420989990234
0.5368456840515137
0.5381380319595337
0.5103936195373535
0.5443628430366516
0.5371440649032593
0.5046629905700684
0.5252153873443604
0.533585250377655
0.5324037671089172
0.5347988605499268
0.54239422082901
0.5171291828155518
0.5406999588012695
0.5312459468841553
0.5361076593399048
0.520183801651001
0.5397578477859497
0.5432559251785278
0.5228433609008789
0.5021131038665771
0.5308490991592407
0.5360151529312134
0.5176912546157837
0.5261549353599548
0.5420835018157959
0.5323987603187561
0.5319059491157532
0.5390583276748657
0.5400010347366333
0.5092741250991821
0.5212806463241577
0.5387372970581055
0.5317500829696655
0.5578932762145996
0.5434141755104065
0.5350325107574463
0.5253055691719055
0.5386446714401245
0.5315440893173218
0.5140781402587891
0.5425545573234558
0.5137675404548645
0.5261858105659485
0.5435439944267273
0.5322080850601196
0.5441949367523193
0.5284638404846191
0.5494984984397888
0.5291515588760376
0.5311665534973145
0.5415970683097839
0.5167953372001648
0.5162342190742493
0.5456068515777588
0.5456604957580566
0.5397146344184875
0.5327587127685547
0.5273607969284058
0.5428010821342468
0.5320947766304016
0.5123056173324585
0.5153059363365173
0.5192657113075256
0.5521304607391357
0.5177117586135864
0.5221774578094482
0.5204143524169922
0.5514158010482788
0.5392487049102783
0.5383713245391846
0.5251097083091736
0.5323194265365601
0.5203319787979126
0.5072069764137268
0.5640952587127686
0.5147801041603088
0.5283266305923462
0.5176728963851929
0.5247023701667786
0.5386918783187866
0.5314177870750427
0.5226743221282959
0.5949700474739075
0.5268890261650085
0.5318698883056641
0.5446175336837769
0.5328590273857117
0.537205696105957
0.5186259150505066
0.5168182849884033
0.5198527574539185
0.5560950040817261
0.5478706359863281
0.5337752103805542
0.5248311161994934
0.5087462663650513
0.5007129311561584
0.5313065052032471
0.5228829383850098
0.5428935289382935
0.5113509893417358
0.5328661799430847
0.5378804206848145
0.55168217420578
0.5484682321548462
0.5355633497238159
0.5294714570045471
0.5161150693893433
0.5283317565917969
0.5345402956008911
0.5065027475357056
0.5115625858306885
0.5305892825126648
0.540569543838501
0.5255453586578369
0.541679859161377
0.5341989398002625
0.5332008600234985
0.5363330245018005
0.5263285040855408
0.5203054547309875
0.5426203012466431
0.5237762331962585
0.537472128868103
0.5426760911941528
0.529289960861206
0.5271512269973755
0.5245863199234009
0.5311247706413269
0.5430941581726074
0.52311110496521
0.54494309425354
0.5336660146713257
0.5159801840782166
0.5322009921073914
0.5291234254837036
0.5335735082626343
0.5312397480010986
0.5271443724632263
0.523828387260437
0.511793315410614
0.5196393728256226
0.5397861003875732
0.547383189201355
0.5379493832588196
0.5259124040603638
0.5454826354980469
0.51646888256073
0.5249738693237305
0.5478997230529785
0.5154833793640137
0.5349564552307129
0.5083171129226685
0.5367816686630249
0.5144221186637878
0.5362042188644409
0.5451398491859436
0.5322368741035461
0.5285110473632812
0.522935152053833
0.535165548324585
0.5320534110069275
0.5184915065765381
0.527198851108551
0.537497878074646
0.5354628562927246
0.5128253698348999
0.5234183073043823
0.5471636652946472
0.5273652076721191
0.5185157060623169
0.5307873487472534
0.5429233312606812
0.5238680243492126
0.5498358607292175
0.5396766066551208
0.519101619720459
0.5122568607330322
0.5203410387039185
0.535008430480957
0.5423583984375
0.532932460308075
0.5342434048652649
0.518739640712738
0.5275130271911621
0.5255693197250366
0.53511643409729
0.5322965383529663
0.5332400798797607
0.532673716545105
0.5276117324829102
0.5241358280181885
0.5302160978317261
0.5232340693473816
0.5654980540275574
0.5232842564582825
0.5203660130500793
0.5177516937255859
0.5367812514305115
0.5399630665779114
0.5472683906555176
0.4976303279399872
0.5420504808425903
0.5071897506713867
0.5297801494598389
0.5304285287857056
0.5183022022247314
0.5450278520584106
0.5394412279129028
0.514601469039917
0.5130195617675781
0.5278216004371643
0.5268458127975464
0.5375591516494751
0.5577590465545654
0.5433515310287476
0.526989758014679
0.5413006544113159
0.53092360496521
0.5270119905471802
0.5131530165672302
0.5363615155220032
0.5118870735168457
0.5177366733551025
0.5392019748687744
0.5322800874710083
0.5361558794975281
0.5329945087432861
0.5235620737075806
0.5310841798782349
0.5232251882553101
0.5457786321640015
0.5346788167953491
0.5327064394950867
0.5121370553970337
0.535427987575531
0.535891056060791
0.5251262784004211
0.5456483364105225
0.5227352976799011
0.5527420043945312
0.5204033255577087
0.51471346616745
0.5230217576026917
0.5381298661231995
0.5254133939743042
0.5475419759750366
0.5200592875480652
0.518049955368042
0.532270610332489
0.5323705673217773
0.5277023315429688
0.5296727418899536
0.5336372256278992
0.5239164233207703
0.5496214628219604
0.5149013996124268
0.5372230410575867
0.5321527719497681
0.5177648067474365
0.5330703854560852
0.5356578826904297
0.5331196784973145
0.5125911235809326
0.547717273235321
0.5368447303771973
0.5170242190361023
0.5239336490631104
0.5170993804931641
0.5419290065765381
0.5276532769203186
0.5519698262214661
0.5232104063034058
0.5423086881637573
0.5405707359313965
0.5269489288330078
0.5206632018089294
0.5204290151596069
0.5257667303085327
0.5254206657409668
0.5429103374481201
0.5302066802978516
0.5306602716445923
0.5183167457580566
0.5167509317398071
0.5523977279663086
0.531960129737854
0.5547432899475098
0.5200302600860596
0.502291738986969
0.5227260589599609
0.5332124829292297
0.5488302707672119
0.517823338508606
0.5358521938323975
0.5305116176605225
0.5291306972503662
0.5232656002044678
0.5389439463615417
0.5330436825752258
0.5202596783638
0.5402453541755676
0.5186925530433655
0.5443127155303955
0.5130885243415833
0.5273692607879639
0.5633102655410767
0.5291582345962524
0.5338817238807678
0.5322729349136353
0.5394823551177979
0.5029319524765015
0.5264334678649902
0.5634030103683472
0.5342811942100525
0.5303762555122375
0.519623875617981
0.5209558010101318
0.5338611602783203
0.5212833285331726
0.5714477896690369
0.529259443283081
0.5296897888183594
0.5318174362182617
0.5148482322692871
0.530947208404541
0.5308133363723755
0.5268510580062866
0.5202916860580444
0.5034970045089722
0.5294153094291687
0.5364912152290344
0.5366177558898926
0.552560031414032
0.5401952266693115
0.5371370315551758
0.5158026814460754
0.5128192901611328
0.5279840230941772
0.5361022353172302
0.5455514788627625
0.5515368580818176
0.5276622772216797
0.5237944722175598
0.5250630378723145
0.5038134455680847
0.5460306406021118
0.5544623136520386
0.5408146977424622
0.5312061309814453
0.5297303199768066
0.5320489406585693
0.5343245267868042
0.5305578112602234
0.5215054750442505
0.5278512239456177
0.5321696996688843
0.5168455839157104
0.5258290767669678
0.5536841750144958
0.5203617811203003
0.5139869451522827
0.5559536218643188
0.5319297313690186
0.5198957324028015
0.5368986129760742
0.5324387550354004
0.5175026655197144
0.5301827192306519
0.5362816452980042
0.5228596329689026
0.5488532781600952
0.5158469080924988
0.5219417810440063
0.5353990197181702
0.5320145487785339
0.5334548950195312
0.526063084602356
0.5391846895217896
0.5162646174430847
0.530532717704773
0.5365610122680664
0.5253626704216003
0.5280749201774597
0.5345509052276611
0.5427532196044922
0.5246551036834717
0.5414330959320068
0.5089188814163208
0.5211871266365051
0.5168476104736328
0.5334722995758057
0.5420881509780884
0.521018922328949
0.530933141708374
0.5115760564804077
0.535140335559845
0.5335378646850586
0.5380774736404419
0.5296860933303833
0.5192794799804688
0.5297537446022034
0.5394888520240784
0.512134313583374
0.5574202537536621
0.5205959677696228
0.5152225494384766
0.5287228226661682
0.5194153785705566
0.5413135886192322
0.5393381118774414
0.5415400862693787
0.5394918918609619
0.5127038955688477
0.5127455592155457
0.5361639261245728
0.5211568474769592
0.5542651414871216
0.5380827188491821
0.5505308508872986
0.5355180501937866
0.5228119492530823
0.5100604891777039
0.5160984992980957
0.5400772094726562
0.5180463790893555
0.520315408706665
0.5294827818870544
0.5421639680862427
0.5154598951339722
0.5204346179962158
0.546488344669342
0.5477875471115112
0.5285453796386719
0.5385938882827759
0.5272066593170166
0.5229929089546204
0.5262008905410767
0.5332249402999878
0.5031573176383972
0.5152715444564819
0.5276470184326172
0.5301176309585571
0.5318854451179504
0.5328506231307983
0.5278359651565552
0.5459296703338623
0.5159223079681396
0.524815022945404
0.5348907709121704
0.5259212255477905
0.5313367247581482
0.5314171314239502
0.5458544492721558
0.5447778701782227
0.5269639492034912
0.525600254535675
0.5299210548400879
0.5336449146270752
0.524493396282196
0.504146158695221
0.5234019756317139
0.5122194886207581
0.5337751507759094
0.5421931147575378
0.5265052318572998
0.5280250310897827
0.5409876108169556
0.529770016670227
0.5221297144889832
0.5259379148483276
0.5296513438224792
0.5265049338340759
0.5232288837432861
0.5684661865234375
0.5317462682723999
0.5110749006271362
0.5318583846092224
0.5234206914901733
0.5367326736450195
0.532825231552124
0.5503324866294861
0.5249264240264893
0.534753143787384
0.5058794021606445
0.552647590637207
0.5342103242874146
0.5231574773788452
0.5248062610626221
0.5492648482322693
0.5260826349258423
0.5133665800094604
0.5203768610954285
0.5269871950149536
0.527917742729187
0.5634843111038208
0.541115939617157
0.5325472354888916
0.5304485559463501
0.5119261741638184
0.5350267887115479
0.5276468396186829
0.5248061418533325
0.5346491932868958
0.5493408441543579
0.5239473581314087
0.5152878761291504
0.534459114074707
0.5225151181221008
0.5071538090705872
0.5429143905639648
0.5164939761161804
0.5426058769226074
0.514720618724823
0.5466386079788208
0.5177544355392456
0.5117751359939575
0.5303964018821716
0.5246360301971436
0.5496643781661987
0.5117442607879639
0.5378195643424988
0.5210642218589783
0.5493215322494507
0.5301011800765991
0.5124780535697937
0.5421910285949707
0.5352566242218018
0.5199565887451172
0.5313457250595093
0.5344775915145874
0.5464208126068115
0.5459647178649902
0.5266434550285339
0.5078459978103638
0.519945502281189
0.5277475714683533
0.5212537050247192
0.5030184388160706
0.5358229279518127
0.5352095365524292
0.5282881259918213
0.5266394019126892
0.5309838652610779
0.5771903395652771
0.5212706923484802
0.54163658618927
0.5177892446517944
0.5247343182563782
0.5273356437683105
0.5381689071655273
0.5423498153686523
0.5385628938674927
0.5524185299873352
0.5057983994483948
0.5294030904769897
0.5231611132621765
0.5255756378173828
0.5264987349510193
0.5177118182182312
0.5276322364807129
0.5309686660766602
0.540421187877655
0.5120671391487122
0.5381606817245483
0.5400593876838684
0.49952006340026855
0.5315625071525574
0.5349471569061279
0.5373008251190186
0.5310178995132446
0.5406431555747986
0.5201554298400879
0.530948281288147
0.5272121429443359
0.5258272290229797
0.5219177007675171
0.5259721875190735
0.5364312529563904
0.5379908084869385
0.5220783352851868
0.5225894451141357
0.5479650497436523
0.5152971744537354
0.528687596321106
0.5270057916641235
0.5404450297355652
0.5361471772193909
0.5324006080627441
0.5329591631889343
0.5142139196395874
0.5311183929443359
0.524457573890686
0.5225605964660645
0.5339226722717285
0.5050353407859802
0.541735053062439
0.5326847434043884
0.5339741706848145
0.5209547281265259
0.5214797854423523
0.5360855460166931
0.5325407385826111
0.5402538776397705
0.5263965129852295
0.5146694183349609
0.5310931205749512
0.48083168268203735
0.528657078742981
0.5330215096473694
0.5327622890472412
0.5294340252876282
0.5349407196044922
0.5158905982971191
0.5071589350700378
0.5228749513626099
0.5480632185935974
0.5258017778396606
0.527263879776001
0.537168025970459
0.5151995420455933
0.5345686674118042
0.5326664447784424
0.5117155313491821
0.515020489692688
0.5382927656173706
0.5325077772140503
0.5378961563110352
0.5350505709648132
0.5372024774551392
0.5204974412918091
0.5074645280838013
0.5337444543838501
0.5202744007110596
0.54426109790802
0.5311505794525146
0.5282318592071533
0.5391266345977783
0.5234262943267822
0.5247170925140381
0.5319755673408508
0.5252845287322998
0.5223134160041809
0.5036064386367798
0.5523170828819275
0.5356244444847107
0.5278701186180115
0.5188993215560913
0.5271104574203491
0.5089766979217529
0.533187747001648
0.5101587772369385
0.5438897013664246
0.5155998468399048
0.5472018718719482
0.5167293548583984
0.5269834995269775
0.5110290050506592
0.5216031670570374
0.5253391861915588
0.5429078936576843
0.5401959419250488
0.5292420983314514
0.540179431438446
0.5333268046379089
0.524768590927124
0.5210995674133301
0.5312528610229492
0.5315178632736206
0.5174160003662109
0.547049880027771
0.536414623260498
0.5248259902000427
0.5003374814987183
0.5367205739021301
0.5264122486114502
0.5431312322616577
0.5402337312698364
0.5306735038757324
0.5190061330795288
0.5373312830924988
0.5269011855125427
0.5361796021461487
0.5095455646514893
0.5476420521736145
0.5296405553817749
0.5468859076499939
0.542417049407959
0.5219039916992188
0.5117296576499939
0.5140126943588257
0.5455894470214844
0.5356013178825378
0.5039364099502563
0.5107178688049316
0.5491113066673279
0.5254345536231995
0.5456137657165527
0.5452399849891663
0.5448832511901855
0.5251007080078125
0.5127681493759155
0.5312985181808472
0.535919189453125
0.526556134223938
0.48676440119743347
0.5396337509155273
0.5305116176605225
0.528035044670105
0.5278377532958984
0.5181357860565186
0.5312968492507935
0.5245522260665894
0.5289934873580933
0.5405000448226929
0.5044854879379272
0.5311828255653381
0.5396286249160767
0.5255523920059204
0.5283947587013245
0.5287671685218811
0.5111246109008789
0.5249537229537964
0.5309204459190369
0.5204969644546509
0.548237681388855
0.5447434782981873
0.5394843816757202
0.5224994421005249
0.5161546468734741
0.5238970518112183
0.5346618294715881
0.5205031633377075
0.5839540958404541
0.523480236530304
0.524139404296875
0.5390444397926331
0.5224059820175171
0.5428070425987244
0.5235762596130371
0.5254801511764526
0.5169533491134644
0.5335814356803894
0.5288730263710022
0.5333586931228638
0.5307810306549072
0.521450400352478
0.5635749697685242
0.5377911925315857
0.5313659906387329
0.5189099311828613
0.5355979204177856
0.5125851035118103
0.5229560136795044
0.555803656578064
0.5331860184669495
0.5235419273376465
0.5311838984489441
0.5187088847160339
0.5278807878494263
0.5282385945320129
0.5687597990036011
0.530712902545929
0.510755717754364
0.5208244323730469
0.53605055809021
0.5176287889480591
0.5375025868415833
0.5655128955841064
0.5261056423187256
0.5519391298294067
0.5250943303108215
0.5318003296852112
0.5228208303451538
0.5185776948928833
0.5276063680648804
0.5215566158294678
0.5271908640861511
0.553146481513977
0.5253241062164307
0.5122947096824646
0.5365440845489502
0.5227729678153992
0.5465759038925171
0.5221640467643738
0.513732373714447
0.5275571346282959
0.5249052047729492
0.5279214382171631
0.5363412499427795
0.5221856832504272
0.5332419872283936
0.5287611484527588
0.5266951322555542
0.5303066968917847
0.5199627876281738
0.538598895072937
0.5333757996559143
0.5305032730102539
0.5038584470748901
0.5378464460372925
0.5430198311805725
0.5225003957748413
0.5342159271240234
0.5351358652114868
0.5318140387535095
0.5319151878356934
0.5052692890167236
0.5243222713470459
0.5329775810241699
0.559166669845581
0.5238428115844727
0.5204878449440002
0.5208706259727478
0.5130937099456787
0.5416002869606018
0.5387614369392395
0.5632507801055908
0.5192948579788208
0.5305303931236267
0.5219101905822754
0.5320233106613159
0.5394983887672424
0.5269898772239685
0.5519280433654785
0.5295396447181702
0.524639368057251
0.5215242505073547
0.5378214120864868
0.534481406211853
0.5110791921615601
0.554443359375
0.5199348330497742
0.5354830026626587
0.5440796613693237
0.5303335189819336
0.5229375958442688
0.5098632574081421
0.5404740571975708
0.5265421867370605
0.5247484445571899
0.5172393321990967
0.5261904001235962
0.5460290312767029
0.5323127508163452
0.5016193389892578
0.5329490900039673
0.5247782468795776
0.518715500831604
0.5189333558082581
0.5432111024856567
0.5257128477096558
0.5395909547805786
0.5289703607559204
0.524299681186676
0.5284470319747925
0.5234288573265076
0.5194143056869507
0.5484262704849243
0.5020966529846191
0.5247465372085571
0.5234445929527283
0.5215557813644409
0.536258339881897
0.5529483556747437
0.5235098600387573
0.47980996966362
0.5345929265022278
0.5295495986938477
0.5281676054000854
0.5247460007667542
0.5294796228408813
0.5371605157852173
0.5104861259460449
0.5252353549003601
0.5262097120285034
0.49054014682769775
0.5223433971405029
0.5548408627510071
0.5408046245574951
0.5710575580596924
0.5345544815063477
0.5442683100700378
0.529228925704956
0.5176626443862915
0.5249260663986206
0.5218945741653442
0.5137239098548889
0.5259016156196594
0.5216431021690369
0.5148947834968567
0.5276336669921875
0.5280686020851135
0.5465441942214966
0.5223456025123596
0.5264214277267456
0.5221113562583923
0.5267127752304077
0.5406925082206726
0.5160342454910278
0.528934121131897
0.5298617482185364
0.5222969055175781
0.5378376245498657
0.5343059301376343
0.536562442779541
0.5132672786712646
0.5139184594154358
0.5286461710929871
0.531507670879364
0.521886944770813
0.5240217447280884
0.5182540416717529
0.5309876799583435
0.5276901721954346
0.5506922602653503
0.5351846218109131
0.5254788994789124
0.5224505662918091
0.5240063667297363
0.5233808755874634
0.5198908448219299
0.5706450939178467
0.5473735332489014
0.5245726704597473
0.5208132266998291
0.5240570306777954
0.5279715061187744
0.5224482417106628
0.5426410436630249
0.5162373185157776
0.5378413200378418
0.5227103233337402
0.5233649015426636
0.5204361081123352
0.5384646654129028
0.5377994179725647
0.5468464493751526
0.5129686594009399
0.518921971321106
0.5014095306396484
0.5336611866950989
0.5479682087898254
0.5721215009689331
0.5183281898498535
0.5276944041252136
0.5374420881271362
0.5297446846961975
0.5240405201911926
0.5297898054122925
0.5369100570678711
0.5311421751976013
0.5255698561668396
0.4986059069633484
0.5243619680404663
0.5394294261932373
0.5458385348320007
0.5382928848266602
0.518805980682373
0.5117098689079285
0.5366970300674438
0.530654788017273
0.5338477492332458
0.5301125049591064
0.5361757278442383
0.5356459617614746
0.5296664834022522
0.5290223360061646
0.5182543992996216
0.5179357528686523
0.5365989208221436
0.5133250951766968
0.521801233291626
0.524259090423584
0.5258719325065613
0.5173599123954773
0.5286892652511597
0.5357445478439331
0.5505330562591553
0.5237023234367371
0.5329082012176514
0.5222136974334717
0.5319925546646118
0.5313277244567871
0.5205876231193542
0.5188301801681519
0.527014970779419
0.5212218761444092
0.514905571937561
0.537704348564148
0.5251064300537109
0.5364768505096436
0.5111268162727356
0.52860426902771
0.5273624658584595
0.5328009128570557
0.5057879686355591
0.5405532717704773
0.5285252332687378
0.5096840858459473
0.53810715675354
0.5305353999137878
0.515559196472168
0.5162289142608643
0.512298583984375
0.5379013419151306
0.5557454228401184
0.5151995420455933
0.5232588052749634
0.5174189805984497
0.5337156653404236
0.5223538875579834
0.5432485342025757
0.5453870296478271
0.5327824354171753
0.5334334373474121
0.5115077495574951
0.520339846611023
0.546252429485321
0.5088083744049072
0.5444892048835754
0.541623592376709
0.5106222629547119
0.5216919183731079
0.5289006233215332
0.5211950540542603
0.5375152826309204
0.5379005670547485
0.532063901424408
0.5205605030059814
0.5354923009872437
0.5015881061553955
0.535772442817688
0.529076337814331
0.5553433895111084
0.5356109142303467
0.5371382832527161
0.5108888149261475
0.5138400793075562
0.5436515808105469
0.5258168578147888
0.5106268525123596
0.5315784215927124
0.5272459387779236
0.5180386900901794
0.523865818977356
0.5246082544326782
0.5282201766967773
0.549510657787323
0.5321320295333862
0.5007632970809937
0.5261185169219971
0.5302481055259705
0.5605860948562622
0.5204746723175049
0.5382067561149597
0.5257488489151001
0.5283210277557373
0.5275304913520813
0.5314042568206787
0.5160354971885681
0.5335453748703003
0.5286063551902771
0.5395181775093079
0.5433416366577148
0.5250994563102722
0.5082352161407471
0.5074154734611511
0.542412519454956
0.4973530173301697
0.5314920544624329
0.5318105220794678
0.5256938338279724
0.5360985994338989
0.5043289661407471
0.527725338935852
0.5377864241600037
0.518947184085846
0.5270795822143555
0.5135871767997742
0.5379726886749268
0.5330499410629272
0.5142418742179871
0.591734766960144
0.53144770860672
0.5347204208374023
0.5341861248016357
0.5116956830024719
0.5295564532279968
0.5107908248901367
0.5775859951972961
0.5485894680023193
0.5342118740081787
0.5227311849594116
0.5125550031661987
0.5317409038543701
0.5235507488250732
0.5149418711662292
0.526555597782135
0.5384214520454407
0.5358926653862
0.5097614526748657
0.5179241895675659
0.5370712280273438
0.5464157462120056
0.5281018018722534
0.5240013599395752
0.5209329128265381
0.5269720554351807
0.5185384750366211
0.5312022566795349
0.5555543303489685
0.5368925333023071
0.5278102159500122
0.5333545804023743
0.5216880440711975
0.5303633213043213
0.5181890726089478
0.49805328249931335
0.5226012468338013
0.5268023610115051
0.5302251577377319
0.5423001646995544
0.49972206354141235
0.5405615568161011
0.5276517271995544
0.5482538938522339
0.5225127935409546
0.5178868770599365
0.5211647748947144
0.5381838083267212
0.5196076035499573
0.5277982354164124
0.5355052947998047
0.5242714881896973
0.5180575251579285
0.5345115661621094
0.5140132308006287
0.5312624573707581
0.5480839610099792
0.5223582983016968
0.5257617235183716
0.5347158908843994
0.5297566652297974
0.5137556791305542
0.5224595069885254
0.5522339344024658
0.5572164058685303
0.5162883996963501
0.5396005511283875
0.5206184983253479
0.521345317363739
0.5128064155578613
0.5131394863128662
0.5155784487724304
0.531999945640564
0.5302523374557495
0.5324629545211792
0.5135096907615662
0.5462523698806763
0.5382422804832458
0.5328327417373657
0.5358483791351318
0.5339565277099609
0.5178187489509583
0.5090384483337402
0.5225362181663513
0.5673764944076538
0.5186742544174194
0.5501288771629333
0.5238746404647827
0.5246410369873047
0.5142912864685059
0.5349578857421875
0.5169413089752197
0.5328935384750366
0.5172815918922424
0.5274133682250977
0.529175341129303
0.5214768052101135
0.5219183564186096
0.5588156580924988
0.5118266344070435
0.5201734900474548
0.5460987091064453
0.5394634008407593
0.5133675336837769
0.5212006568908691
0.5594183206558228
0.5167359113693237
0.5295777320861816
0.5335565209388733
0.5296387076377869
0.5325859189033508
0.5195648670196533
0.5104419589042664
0.5348734855651855
0.5130444169044495
0.5434009432792664
0.5257241129875183
0.52223801612854
0.5301436185836792
0.49816471338272095
0.5338253974914551
0.5230560302734375
0.5513774752616882
0.5247732400894165
0.5089462995529175
0.5226841568946838
0.509953498840332
0.5391449928283691
0.5193175077438354
0.5054973363876343
0.5164211988449097
0.5336677432060242
0.5350296497344971
0.5546342134475708
0.5091606974601746
0.502751886844635
0.5560047030448914
0.5079668760299683
0.5554503202438354
0.5302536487579346
0.5508694052696228
0.551726222038269
0.5250033140182495
0.5014634132385254
0.5424128770828247
0.5188048481941223
0.5213397741317749
0.5345922708511353
0.5218386054039001
0.5104384422302246
0.5323142409324646
0.5383685827255249
0.5451403856277466
0.5139219760894775
0.5305277109146118
0.5421108603477478
0.5290386080741882
0.5255333185195923
0.4993499219417572
0.5342524647712708
0.5251572728157043
0.5517197847366333
0.5186576843261719
0.5219319462776184
0.5121865272521973
0.5148521661758423
0.5417784452438354
0.5547922253608704
0.48875007033348083
0.5246326327323914
0.5455203056335449
0.5216899514198303
0.5223699808120728
0.5257323980331421
0.5312584638595581
0.5065182447433472
0.5305562019348145
0.5514386892318726
0.5272560119628906
0.5102106332778931
0.5215019583702087
0.5283950567245483
0.5156912207603455
0.5280006527900696
0.5238898992538452
0.5373396277427673
0.5268861055374146
0.5206694602966309
0.5351678729057312
0.5273544788360596
0.5462701916694641
0.5220217704772949
0.5041712522506714
0.5314919948577881
0.505358099937439
0.5535433292388916
0.5342680811882019
0.5308874845504761
0.5256044268608093
0.5217539072036743
0.5337232351303101
0.511189877986908
0.5339068174362183
0.5613740682601929
0.522463858127594
0.5384525060653687
0.5141999125480652
0.5351192355155945
0.5178583264350891
0.536755383014679
0.5172712802886963
0.540920615196228
0.5233471989631653
0.5402963161468506
0.5104255676269531
0.5130455493927002
0.5339834094047546
0.5256804823875427
0.5198042392730713
0.5432618856430054
0.5260596871376038
0.5191975235939026
0.5204899311065674
0.53057461977005
0.5399956703186035
0.5404411554336548
0.519467830657959
0.5325638055801392
0.5294954180717468
0.5196316242218018
0.5236866474151611
0.5313152074813843
0.5222063064575195
0.5240380764007568
0.5304661989212036
0.5431833267211914
0.5333366394042969
0.5033925175666809
0.5381149649620056
0.5273935198783875
0.5441350936889648
0.5249451398849487
0.5282706022262573
0.5130056738853455
0.5216389894485474
0.5274976491928101
0.512253999710083
0.5283890962600708
0.5277885794639587
0.5213699340820312
0.5247728824615479
0.5413945317268372
0.522851288318634
0.5280972123146057
0.5464456677436829
0.5260049104690552
0.5220274925231934
0.5185664296150208
0.5175507664680481
0.5467525124549866
0.5412978529930115
0.5084318518638611
0.5134967565536499
0.5291144847869873
0.5186363458633423
0.5451227426528931
0.5336859226226807
0.5336950421333313
0.5192939043045044
0.5174371600151062
0.5259560942649841
0.5346868634223938
0.5371882319450378
0.48903101682662964
0.5140618085861206
0.5305166244506836
0.5243922472000122
0.5093268156051636
0.5378338098526001
0.5456457138061523
0.5326259136199951
0.5347557663917542
0.5232864618301392
0.5435750484466553
0.5141443014144897
0.5249995589256287
0.5132687091827393
0.5320480465888977
0.5331707000732422
0.5223298072814941
0.5338259935379028
0.5263054370880127
0.51917564868927
0.5220770835876465
0.5400274991989136
0.5450348258018494
0.5351850986480713
0.5239378213882446
0.5294370651245117
0.5169277191162109
0.5079450011253357
0.5321577787399292
0.5308175086975098
0.5198180675506592
0.5310940742492676
0.5225228667259216
0.5319626927375793
0.5195274949073792
0.5080314874649048
0.5361360311508179
0.5339933633804321
0.5145419239997864
0.5250656008720398
0.5230163931846619
0.5138450264930725
0.5767733454704285
0.5394803881645203
0.5185179710388184
0.5164884924888611
0.5357632040977478
0.5212623476982117
0.529129147529602
0.5045573115348816
0.5396480560302734
0.5154646635055542
0.5373650193214417
0.5212994813919067
0.5284029245376587
0.5115321278572083
0.536618709564209
0.5272877812385559
0.5189002752304077
0.5493656396865845
0.5127425193786621
0.5273044109344482
0.5265885591506958
0.5028162598609924
0.5517051219940186
0.5315988063812256
0.5134561061859131
0.506003737449646
0.5289801359176636
0.5212048292160034
0.5424262881278992
0.5332279205322266
0.5286208391189575
0.5284799933433533
0.5167418122291565
0.524766743183136
0.5294883847236633
0.5342370271682739
0.5211988687515259
0.5331991910934448
0.5312373638153076
0.5136702656745911
0.5390471816062927
0.52276611328125
0.515776515007019
0.5355227589607239
0.5345303416252136
0.5168563723564148
0.5061097145080566
0.5136644840240479
0.5399545431137085
0.5664439797401428
0.5118629932403564
0.5189181566238403
0.5289522409439087
0.549439549446106
0.5157841444015503
0.5314607620239258
0.5315626263618469
0.5375862121582031
0.5266710519790649
0.522193193435669
0.5168043971061707
0.5428165793418884
0.5096057653427124
0.5211876630783081
0.5235700607299805
0.5509195923805237
0.5414904356002808
0.5358343124389648
0.5082817673683167
0.4918583631515503
0.5380638241767883
0.5252852439880371
0.5316064357757568
0.5281680226325989
0.5305624604225159
0.5195937156677246
0.5251255035400391
0.49117207527160645
0.5086124539375305
0.544495701789856
0.5419102907180786
0.5339961647987366
0.5241327285766602
0.5109135508537292
0.4933473765850067
0.5312997102737427
0.5389395952224731
0.5206565856933594
0.5039571523666382
0.5224608778953552
0.532177209854126
0.5684537887573242
0.5264168977737427
0.5426841378211975
0.5173291563987732
0.5235224366188049
0.5148590803146362
0.5319425463676453
0.5293593406677246
0.5207134485244751
0.533919095993042
0.522463321685791
0.5132681131362915
0.5412595868110657
0.5273069739341736
0.5298615097999573
