0.7752682566642761
0.750685453414917
0.684825599193573
0.6247364282608032
0.5914510488510132
0.5455911755561829
0.5094836950302124
0.46212077140808105
0.4609229564666748
0.41907787322998047
0.3894340693950653
0.36774349212646484
0.34456175565719604
0.34350821375846863
0.32903024554252625
0.32208892703056335
0.2934618890285492
0.29398149251937866
0.28073301911354065
0.282304048538208
0.2741239666938782
0.278795063495636
0.2592913508415222
0.25630730390548706
0.2487109899520874
0.23301923274993896
0.23504087328910828
0.2231874167919159
0.2318265736103058
0.22512494027614594
0.23419874906539917
0.20907911658287048
0.2304086983203888
0.22126489877700806
0.2246142327785492
0.2223377227783203
0.2072380781173706
0.22377388179302216
0.2121562659740448
0.19977730512619019
0.18684184551239014
0.19046786427497864
0.20501336455345154
0.19409796595573425
0.21159063279628754
0.1971648931503296
0.18856510519981384
0.19005009531974792
0.2102127969264984
0.18436270952224731
0.19905740022659302
0.19797006249427795
0.18712233006954193
0.18573331832885742
0.18113607168197632
0.15869355201721191
0.1748274564743042
0.1922624111175537
0.1735929250717163
0.1761055886745453
0.17844532430171967
0.18716350197792053
0.1876528263092041
0.1787271499633789
0.1994307041168213
0.1727963089942932
0.16765081882476807
0.16661371290683746
0.1608438938856125
0.18199321627616882
0.16600139439105988
0.1627703309059143
0.1629832535982132
0.16842561960220337
0.17414754629135132
0.1714147925376892
0.19171038269996643
0.17198580503463745
0.16085705161094666
0.16299639642238617
0.15925391018390656
0.17267459630966187
0.16457980871200562
0.17899981141090393
0.16557136178016663
0.16402040421962738
0.1621110439300537
0.15649265050888062
0.17754565179347992
0.16095316410064697
0.17943203449249268
0.159430593252182
0.15175341069698334
0.1668260395526886
0.17425362765789032
0.15238255262374878
0.14689405262470245
0.19913288950920105
0.157349094748497
0.16263556480407715
0.17173555493354797
0.1452747881412506
0.145447239279747
0.1347964107990265
0.20737145841121674
0.16590480506420135
0.1620500087738037
0.15397049486637115
0.15043875575065613
0.16069674491882324
0.13272826373577118
0.17781665921211243
0.147702157497406
0.14472229778766632
0.15653562545776367
0.16166451573371887
0.15353214740753174
0.14973922073841095
0.14284145832061768
0.15305756032466888
0.15177828073501587
0.14721083641052246
0.1468469351530075
0.14352290332317352
0.13969555497169495
0.15329664945602417
0.1586734652519226
0.15256088972091675
0.1393212527036667
0.13530859351158142
0.12680521607398987
0.14355671405792236
0.15649491548538208
0.14760127663612366
0.1354275643825531
0.14350081980228424
0.14973104000091553
0.13344362378120422
0.1312083899974823
0.1650119572877884
0.1273292601108551
0.14702077209949493
0.14097540080547333
0.13154679536819458
0.12786060571670532
0.13608846068382263
0.165309339761734
0.13346925377845764
0.13891851902008057
0.14770404994487762
0.1523607224225998
0.13380756974220276
0.12373700737953186
0.13437101244926453
0.14185830950737
0.1287989467382431
0.1448214054107666
0.1357818841934204
0.1292719841003418
0.13696959614753723
0.16801562905311584
0.13330771028995514
0.13298490643501282
0.12479346245527267
0.13315466046333313
0.12462897598743439
0.16691699624061584
0.1504901498556137
0.13586704432964325
0.1224939227104187
0.13048449158668518
0.13898366689682007
0.1289280205965042
0.13583603501319885
0.12945038080215454
0.13413697481155396
0.12585856020450592
0.12978869676589966
0.13569100201129913
0.13299912214279175
0.1166088879108429
0.14038604497909546
0.12974736094474792
0.12421952188014984
0.1350625455379486
0.125273197889328
0.1321006566286087
0.11503779888153076
0.17238003015518188
0.1274079978466034
0.12667115032672882
0.13602882623672485
0.1311328262090683
0.13114753365516663
0.10979752987623215
0.1397738754749298
0.12095890939235687
0.13529901206493378
0.12383502721786499
0.12148915231227875
0.13468441367149353
0.13778257369995117
0.14243663847446442
0.12536375224590302
0.12760977447032928
0.11442019790410995
0.11710366606712341
0.12160470336675644
0.13341361284255981
0.13097582757472992
0.1176588162779808
0.11632804572582245
0.12296183407306671
0.12683860957622528
0.12122508883476257
0.12001743912696838
0.13600993156433105
0.1138521134853363
0.11188668012619019
0.1344209909439087
0.12277331203222275
0.11074017733335495
0.11713098734617233
0.16924826800823212
0.12193503230810165
0.11841201037168503
0.13260741531848907
0.1359299272298813
0.11509933322668076
0.11456595361232758
0.12457387894392014
0.13507917523384094
0.10198228061199188
0.11815561354160309
0.11412648856639862
0.13245704770088196
0.10936899483203888
0.16380393505096436
0.11815779656171799
0.11681444942951202
0.10745517909526825
0.11041881144046783
0.11316440999507904
0.10791808366775513
0.1447584331035614
0.12324289977550507
0.1262466460466385
0.11481093615293503
0.1040317714214325
0.10784976184368134
0.10728240013122559
0.11348752677440643
0.10154800862073898
0.12263509631156921
0.11392061412334442
0.10969007015228271
0.11109918355941772
0.10461004078388214
0.11960580199956894
0.10630139708518982
0.09952504932880402
0.10421907901763916
0.10533711314201355
0.11190229654312134
0.11553039401769638
0.14123886823654175
0.11529543250799179
0.11336761713027954
0.11477886885404587
0.10643252730369568
0.10749158263206482
0.12168710678815842
0.11447589099407196
0.10951219499111176
0.11321547627449036
0.1024787649512291
0.09970849007368088
0.10948088765144348
0.10871745645999908
0.13277724385261536
0.10802524536848068
0.10513695329427719
0.11589451134204865
0.10429500788450241
0.10895636677742004
0.10995811223983765
0.13057219982147217
0.11114922165870667
0.106887087225914
0.10474151372909546
0.10633821785449982
0.10247497260570526
0.10781462490558624
0.11473004519939423
0.1018335148692131
0.1217036172747612
0.10098621249198914
0.10614737868309021
0.10246964544057846
0.11586244404315948
0.10708191990852356
0.1030060350894928
0.101143479347229
0.09901955723762512
0.10050177574157715
0.0968603640794754
0.099605493247509
0.14054833352565765
0.10187407582998276
0.11152296513319016
0.11513330787420273
0.09986510127782822
0.11567845195531845
0.09349024295806885
0.10484877228736877
0.10010889172554016
0.10408477485179901
0.10501601547002792
0.09864704310894012
0.09428426623344421
0.09480476379394531
0.10775895416736603
0.09656517952680588
0.09450200200080872
0.10497647523880005
0.09662657976150513
0.10531841218471527
0.0940917581319809
0.11032667011022568
0.09015673398971558
0.10050052404403687
0.10730838775634766
0.0885864719748497
0.10277488082647324
0.10392646491527557
0.11651765555143356
0.09731148183345795
0.10644762217998505
0.09612028300762177
0.09764310717582703
0.1035444363951683
0.094202421605587
0.1270342767238617
0.09186221659183502
0.0853017196059227
0.09989339113235474
0.09301212430000305
0.09438528120517731
0.09535449743270874
0.10070329904556274
0.09198379516601562
0.13036684691905975
0.09957802295684814
0.09235730022192001
0.08936610072851181
0.1020032986998558
0.11794359982013702
0.0960620641708374
0.10176549851894379
0.09171881526708603
0.09069480001926422
0.0935039073228836
0.09870278835296631
0.15238723158836365
0.09331497550010681
0.09780122339725494
0.10389170050621033
0.0994831770658493
0.09394093602895737
0.09940098226070404
0.11139997839927673
0.10740423202514648
0.09735718369483948
0.09623487293720245
0.08512723445892334
0.09769781678915024
0.09519647061824799
0.11626951396465302
0.0927678644657135
0.09283974766731262
0.08989446610212326
0.08695607632398605
0.09946223348379135
0.08990948647260666
0.09830529987812042
0.07918950170278549
0.09934978187084198
0.08859594911336899
0.09073405712842941
0.08732631802558899
0.08811509609222412
0.11430077254772186
0.09063967317342758
0.10644666850566864
0.09127461165189743
0.08876596391201019
0.08085064589977264
0.0815153568983078
0.12429538369178772
0.08891906589269638
0.09377484023571014
0.0869217962026596
0.08684682101011276
0.09192313998937607
0.07768556475639343
0.14931458234786987
0.0891290009021759
0.09559249132871628
0.09314215183258057
0.08587142825126648
0.09519767761230469
0.0835689827799797
0.11176713556051254
0.0838436633348465
0.09499605000019073
0.08848654478788376
0.08986620604991913
0.08372630923986435
0.07735885679721832
0.1223323792219162
0.08898060768842697
0.09333349764347076
0.08659976720809937
0.08443094789981842
0.09237980842590332
0.08072195202112198
0.09471440315246582
0.08298324793577194
0.08481255173683167
0.08976007997989655
0.08765274286270142
0.10173250734806061
0.08315108716487885
0.11920984834432602
0.10834422707557678
0.09894733130931854
0.0897597000002861
0.08810722827911377
0.0857899934053421
0.0877685472369194
0.09561823308467865
0.09891112893819809
0.09022688865661621
0.08933775871992111
0.08941726386547089
0.08184811472892761
0.07958170771598816
0.10818970203399658
0.08947460353374481
0.07843051850795746
0.08092209696769714
0.08686183393001556
0.08706127107143402
0.07785597443580627
0.11439795792102814
0.08101604133844376
0.08034013211727142
0.08250159025192261
0.07798384130001068
0.08495427668094635
0.08977313339710236
0.10919996351003647
0.07944255322217941
0.08643560111522675
0.09093102812767029
0.07876455783843994
0.07891812175512314
0.08407937735319138
0.09732405841350555
0.08645100891590118
0.07808980345726013
0.08115483820438385
0.09488502144813538
0.08675318956375122
0.08061075955629349
0.09171921014785767
0.08903055638074875
0.09181424230337143
0.08637890219688416
0.08137555420398712
0.08405143022537231
0.07936719059944153
0.10479428619146347
0.08820030093193054
0.08268614113330841
0.08370092511177063
0.08255612105131149
0.08339720964431763
0.08073156327009201
0.1158510372042656
0.0856175422668457
0.07489889860153198
0.08513356745243073
0.07972349226474762
0.07784613966941833
0.10016217827796936
0.11138951778411865
0.0790603756904602
0.08637608587741852
0.07999264448881149
0.10821647942066193
0.07811281085014343
0.07674524188041687
0.08445029705762863
0.0820397436618805
0.08565129339694977
0.08098512887954712
0.08107435703277588
0.08150817453861237
0.07232145965099335
0.11846588551998138
0.09336656332015991
0.0882878303527832
0.08284348249435425
0.09370170533657074
0.08244182169437408
0.07446268945932388
0.08639085292816162
0.08012145757675171
0.09220506995916367
0.08592809736728668
0.08351168036460876
0.09198953211307526
0.08082602918148041
0.09995590150356293
0.07179707288742065
0.0749611034989357
0.07537217438220978
0.08919906616210938
0.08397877216339111
0.07641422748565674
0.1038322001695633
0.08011452108621597
0.07646431028842926
0.0810602456331253
0.07587075233459473
0.07521213591098785
0.09984874725341797
0.08994151651859283
0.08340921252965927
0.08118472993373871
0.07531695812940598
0.0740099847316742
0.07691775262355804
0.07266940921545029
0.08866085857152939
0.07303256541490555
0.070578932762146
0.07397907972335815
0.09144919365644455
0.07950063049793243
0.07491293549537659
0.08840829133987427
0.08159713447093964
0.07888323813676834
0.07356375455856323
0.08217765390872955
0.06944155693054199
0.07469408214092255
0.10685533285140991
0.08623291552066803
0.07878121733665466
0.07170812785625458
0.07005602866411209
0.07788410782814026
0.0760977566242218
0.0901336818933487
0.07414749264717102
0.07967272400856018
0.0835837721824646
0.07312299311161041
0.0672435462474823
0.07761268317699432
0.08505943417549133
0.06944940984249115
0.07572443783283234
0.07572328299283981
0.07440812140703201
0.07499061524868011
0.08518539369106293
0.09323316812515259
0.07357239723205566
0.06971919536590576
0.08556630462408066
0.08763878047466278
0.08150412887334824
0.08035540580749512
0.09177228808403015
0.07437576353549957
0.08158137649297714
0.07678338885307312
0.07167064398527145
0.08461689203977585
0.08141724765300751
0.0865735113620758
0.08196885883808136
0.07347258925437927
0.07815329730510712
0.07018010318279266
0.07931017875671387
0.07857224345207214
0.09627019613981247
0.06960295140743256
0.07128681242465973
0.08240289241075516
0.07782913744449615
0.08290749788284302
0.07791262865066528
0.09077572077512741
0.07415058463811874
0.07730978727340698
0.07024828344583511
0.07649761438369751
0.0798390656709671
0.0710289254784584
0.08730584383010864
0.07186368852853775
0.08007053285837173
0.07691971212625504
0.07190607488155365
0.07522185891866684
0.06830354034900665
0.09555642306804657
0.07256056368350983
0.07016319036483765
0.08414366096258163
0.07097486406564713
0.07710542529821396
0.07233797013759613
0.08599274605512619
0.07501497864723206
0.06981691718101501
0.06776323914527893
0.07877537608146667
0.0834958478808403
0.06613130867481232
0.12399299442768097
0.08031444251537323
0.07768691331148148
0.07655160129070282
0.07607792317867279
0.0769457295536995
0.07243316620588303
0.09673604369163513
0.08144858479499817
0.06715117394924164
0.08625203371047974
0.07455344498157501
0.09938487410545349
0.0772852748632431
0.08491303771734238
0.07452520728111267
0.07882782816886902
0.07197369635105133
0.08029277622699738
0.08540203422307968
0.0740683376789093
0.09508959949016571
0.07044417411088943
0.0765012875199318
0.07489944994449615
0.0781392827630043
0.07525047659873962
0.07447648048400879
0.07628906518220901
0.0703275203704834
0.0715278685092926
0.0680457204580307
0.06380698084831238
0.0748327225446701
0.07840386033058167
0.08145567029714584
0.07148385792970657
0.06786970049142838
0.07343960553407669
0.06868408620357513
0.06562444567680359
0.06474961340427399
0.0921202227473259
0.07368235290050507
0.07734807580709457
0.0721997395157814
0.07114928215742111
0.06614020466804504
0.06728514283895493
0.09562370181083679
0.0661822110414505
0.07499219477176666
0.0727686733007431
0.06874336302280426
0.07291994243860245
0.06521987915039062
0.07909055799245834
0.082439124584198
0.06530885398387909
0.0690377876162529
0.06632213294506073
0.06935790181159973
0.06808488816022873
0.08855464309453964
0.0723009780049324
0.06903547048568726
0.07345037162303925
0.07064233720302582
0.0667642205953598
0.06580977886915207
0.07816439121961594
0.06079968810081482
0.06705796718597412
0.06971488147974014
0.07286307215690613
0.07015586644411087
0.06715025007724762
0.08592210710048676
0.07237786054611206
0.06761519610881805
0.06481743603944778
0.07698049396276474
0.07074354588985443
0.06475722789764404
0.09437280893325806
0.07290560007095337
0.07127782702445984
0.07085870206356049
0.07286445796489716
0.06130485236644745
0.06732742488384247
0.08031898736953735
0.07090743631124496
0.07003302872180939
0.06112149357795715
0.0656125396490097
0.06501183658838272
0.0751647874712944
0.08558106422424316
0.06832927465438843
0.0681481659412384
0.06871005892753601
0.07979616522789001
0.06516555696725845
0.06540168821811676
0.09578147530555725
0.06980405747890472
0.0734637975692749
0.0688338428735733
0.06521017104387283
0.06439588963985443
0.08480355143547058
0.11527635902166367
0.07474716752767563
0.07364417612552643
0.0745169073343277
0.06525816768407822
0.06295031309127808
0.07057409733533859
0.07530945539474487
0.06219983845949173
0.07292938977479935
0.06621351093053818
0.06224846467375755
0.067289799451828
0.0672735869884491
0.07713090628385544
0.06968023627996445
0.06310217082500458
0.0636332556605339
0.06550853699445724
0.06806324422359467
0.06292049586772919
0.0903083011507988
0.06107472628355026
0.06845201551914215
0.0627579465508461
0.0639355331659317
0.06339556723833084
0.06873016059398651
0.08246254175901413
0.06597432494163513
0.06076622009277344
0.06828850507736206
0.06379115581512451
0.06740817427635193
0.06463447958230972
0.08207020163536072
0.06515416502952576
0.06704464554786682
0.06159688159823418
0.07095155119895935
0.06847170740365982
0.06215491145849228
0.08135892450809479
0.06491219997406006
0.061651602387428284
0.06188163906335831
0.07338880002498627
0.06710366904735565
0.06170075759291649
0.08182813972234726
0.0719272792339325
0.06217021867632866
0.061709728091955185
0.06446795910596848
0.07261204719543457
0.06341295689344406
0.0750545859336853
0.06638497114181519
0.058513857424259186
0.06381379067897797
0.06762278825044632
0.058167051523923874
0.07564771920442581
0.07023664563894272
0.06514313071966171
0.06960085779428482
0.06276571750640869
0.06242392212152481
0.06206744909286499
0.06344892084598541
0.07110187411308289
0.05862642824649811
0.06955742090940475
0.06929831206798553
0.06280186027288437
0.06948862969875336
0.06492531299591064
0.06960220634937286
0.06328839063644409
0.06479897350072861
0.06294402480125427
0.063020259141922
0.06605332344770432
0.058569490909576416
0.07205792516469955
0.06458207964897156
0.0655633732676506
0.05882110819220543
0.05980408191680908
0.06070094555616379
0.06634292006492615
0.06680433452129364
0.0665660947561264
0.06102481111884117
0.058139096945524216
0.06419183313846588
0.058270812034606934
0.05906292051076889
0.06597770750522614
0.05887418985366821
0.05630210041999817
0.06198088824748993
0.06591500341892242
0.06415531039237976
0.05994188040494919
0.08068657666444778
0.06619714200496674
0.05861257016658783
0.06473103165626526
0.06623570621013641
0.06227908656001091
0.07245692610740662
0.06900699436664581
0.06580658257007599
0.06015484780073166
0.05929630622267723
0.06477328389883041
0.05861613154411316
0.06385836005210876
0.07404845952987671
0.05780704319477081
0.06775577366352081
0.059111542999744415
0.06099219247698784
0.0605037659406662
0.06013905629515648
0.08307161927223206
0.06311052292585373
0.0628245547413826
0.06227314472198486
0.0601525604724884
0.07096192240715027
0.0740547627210617
0.07747341692447662
0.07131931185722351
0.06054188311100006
0.057105451822280884
0.0633295401930809
0.06124081835150719
0.05440598726272583
0.07787052541971207
0.057829663157463074
0.06504815071821213
0.06081417202949524
0.05890168994665146
0.06669209897518158
0.06773699820041656
0.06760254502296448
0.06551291048526764
0.062078312039375305
0.06579039990901947
0.057354044169187546
0.05896648392081261
0.05811680108308792
0.06749400496482849
0.05871432274580002
0.0713435709476471
0.06975312530994415
0.07047191262245178
0.061631616204977036
0.06128329783678055
0.07593406736850739
0.05558237433433533
0.06184057518839836
0.06205730885267258
0.06730030477046967
0.05644761025905609
0.06828092783689499
0.08265838772058487
0.08902502059936523
0.06462138146162033
0.07253120839595795
0.05833146721124649
0.062209196388721466
0.05606425553560257
0.07525210082530975
0.063252754509449
0.0577622726559639
0.07241827994585037
0.06154263764619827
0.05512282997369766
0.061263248324394226
0.07706119120121002
0.05699945241212845
0.06682511419057846
0.058504875749349594
0.059926774352788925
0.06240947172045708
0.059632837772369385
0.07657359540462494
0.05551896616816521
0.05571893975138664
0.059684790670871735
0.07280836999416351
0.06479950249195099
0.057574909180402756
0.0814642459154129
0.05983415246009827
0.05497702956199646
0.05424685403704643
0.05709714815020561
0.05510585010051727
0.06207513064146042
0.09129561483860016
0.05988292396068573
0.05922422930598259
0.05821535736322403
0.057782094925642014
0.05808822438120842
0.05583178251981735
0.0635724738240242
0.058602966368198395
0.05765494704246521
0.056855108588933945
0.05371478199958801
0.05477016419172287
0.055990930646657944
0.08752941340208054
0.057366203516721725
0.062332987785339355
0.055862635374069214
0.05713950842618942
0.05499395355582237
0.05569133162498474
0.06331488490104675
0.05272909998893738
0.06127699464559555
0.058193519711494446
0.05708177387714386
0.05843367800116539
0.055038392543792725
0.07833565771579742
0.06050127372145653
0.05971258506178856
0.05579708144068718
0.06259043514728546
0.054052941501140594
0.06269855052232742
0.06710222363471985
0.05767025798559189
0.06093498691916466
0.05898072570562363
0.0523533821105957
0.055051058530807495
0.061994828283786774
0.06765478849411011
0.05590799078345299
0.05696424841880798
0.05285882204771042
0.05838296562433243
0.06792324036359787
0.05880550295114517
0.09211834520101547
0.059645649045705795
0.06458442658185959
0.061706360429525375
0.0575113371014595
0.05789867788553238
0.06001558527350426
0.06781195104122162
0.05655574053525925
0.05759104713797569
0.05840938910841942
0.06369951367378235
0.05506895110011101
0.06300151348114014
0.07867424190044403
0.06771029531955719
0.055493660271167755
0.05787720903754234
0.05407173931598663
0.05440584942698479
0.05987346172332764
0.0646238923072815
0.061391379684209824
0.060391925275325775
0.05343309044837952
0.05963569134473801
0.05400259792804718
0.05722815915942192
0.05509074032306671
0.05389489233493805
0.05729956179857254
0.05925774574279785
0.05099394917488098
0.054631199687719345
0.062424078583717346
0.06798365712165833
0.05431438982486725
0.059552766382694244
0.05670353025197983
0.05684264004230499
0.05593755841255188
0.052481990307569504
0.07419084012508392
0.050734370946884155
0.05784504860639572
0.05844494700431824
0.05733060464262962
0.06592969596385956
0.05320773646235466
0.06553591787815094
0.06184585019946098
0.05420384556055069
0.05418408662080765
0.05524640902876854
0.053424324840307236
0.04883860796689987
0.07111911475658417
0.05664188414812088
0.06510914117097855
0.05688885971903801
0.0542960986495018
0.06133124977350235
0.053980328142642975
0.06562744081020355
0.054257746785879135
0.0568099170923233
0.05730187147855759
0.05377882346510887
0.04774581640958786
0.05908465012907982
0.07493184506893158
0.056095730513334274
0.051392726600170135
0.05470891296863556
0.05751064419746399
0.053093478083610535
0.06548453122377396
0.07332810759544373
0.05669216439127922
0.057845573872327805
0.06675182282924652
0.05856800079345703
0.051962971687316895
0.054144129157066345
0.06704117357730865
0.05920907109975815
0.05338374897837639
0.06177854165434837
0.05701322853565216
0.06006007641553879
0.053318917751312256
0.06845042109489441
0.05809935927391052
0.06188187003135681
0.06379996240139008
0.057546816766262054
0.05269938334822655
0.056441642343997955
0.07410713285207748
0.05673161894083023
0.054765623062849045
0.05661147087812424
0.05314793810248375
0.05946014076471329
0.058574505150318146
0.0767306238412857
0.05722445249557495
0.059100013226270676
0.0639365017414093
0.056722965091466904
0.05625797435641289
0.06105327606201172
0.07156124711036682
0.06396980583667755
0.050909847021102905
0.05815225467085838
0.048051975667476654
0.05696525797247887
0.05767062306404114
0.07955236732959747
0.05324535071849823
0.05649615079164505
0.05754774063825607
0.05513492971658707
0.07474379241466522
0.05255063623189926
0.06990611553192139
0.05511147901415825
0.050441592931747437
0.057375527918338776
0.053845711052417755
0.059072159230709076
0.05860491842031479
0.06020164489746094
0.053533099591732025
0.0600089430809021
0.05738465487957001
0.0583571195602417
0.0561906099319458
0.055004365742206573
0.06130387634038925
0.06194717809557915
0.05643939599394798
0.04937027022242546
0.06035532057285309
0.04792122542858124
0.05772748589515686
0.07160140573978424
0.05682504177093506
0.05172644183039665
0.053668078035116196
0.05795921012759209
0.06108522042632103
0.06051431596279144
0.0695154070854187
0.05796176940202713
0.05784931033849716
0.05788496881723404
0.05332041531801224
0.05721822381019592
0.050731487572193146
0.05811740458011627
0.05035802349448204
0.05513075739145279
0.05222132429480553
0.053516365587711334
0.05264138802886009
0.05430842563509941
0.06984251737594604
0.049306150525808334
0.05926888436079025
0.052419163286685944
0.05967641621828079
0.05005742609500885
0.05480280518531799
0.06778775155544281
0.05294528231024742
0.05344993993639946
0.05550301820039749
0.04837220907211304
0.05659225210547447
0.05509349703788757
0.07278935611248016
0.06299994885921478
0.05074002966284752
0.0519733652472496
0.050406210124492645
0.06297104060649872
0.051729779690504074
0.05784665048122406
0.05387260019779205
0.05445145070552826
0.04936857149004936
0.04843601584434509
0.05201423168182373
0.05588109791278839
0.0724758580327034
0.0625428557395935
0.06977226585149765
0.05229916423559189
0.05725282430648804
0.05143404006958008
0.05356435105204582
0.06234108656644821
0.072855643928051
0.05068080872297287
0.04843035340309143
0.05333923548460007
0.048959679901599884
0.0522436760365963
0.06679373234510422
0.04826880618929863
0.06001754105091095
0.048218585550785065
0.04857731983065605
0.04926910996437073
0.047409601509571075
0.08255533874034882
0.052403196692466736
0.04931233078241348
0.053181521594524384
0.04987598955631256
0.052832793444395065
0.050172388553619385
0.09011554718017578
0.0565953254699707
0.05236959457397461
0.05709303915500641
0.051253702491521835
0.05146580934524536
0.049667879939079285
0.06049660965800285
0.05126210302114487
0.05085417255759239
0.0628143697977066
0.05496331676840782
0.05631500482559204
0.05266423523426056
0.056128568947315216
0.05164052173495293
0.053588517010211945
0.05180040001869202
0.04419083520770073
0.05605267733335495
0.0502747967839241
0.05370975658297539
0.05544173717498779
0.05491113290190697
0.04775902256369591
0.0558285266160965
0.0480927973985672
0.04962267726659775
0.06760109961032867
0.04528814181685448
0.059087999165058136
0.054673340171575546
0.05030852183699608
0.054715029895305634
0.046916306018829346
0.07738542556762695
0.06552112102508545
0.0506603978574276
0.04913037270307541
0.05158941075205803
0.053768813610076904
0.047809310257434845
0.07062748819589615
0.05041297525167465
0.06290138512849808
0.062459733337163925
0.055711016058921814
0.04900115355849266
0.050544485449790955
0.05338817834854126
0.05355954170227051
0.04976712167263031
0.04560643434524536
0.04527585953474045
0.04944868013262749
0.05150722712278366
0.08131130039691925
0.05591290816664696
0.059960171580314636
0.052835188806056976
0.05935324355959892
0.05500572919845581
0.04970352351665497
0.056480057537555695
0.056084081530570984
0.05715906620025635
0.04977763444185257
0.0500178262591362
0.05179459974169731
0.04665180668234825
0.054591938853263855
0.051864951848983765
0.05710414797067642
0.0486016646027565
0.05583573877811432
0.050058647990226746
0.049916334450244904
0.04495411738753319
0.04586359113454819
0.0515618696808815
0.048063453286886215
0.054109685122966766
0.05314480513334274
0.05870675668120384
0.07068498432636261
0.0528145432472229
0.0521206259727478
0.048591770231723785
0.051922425627708435
0.05113167315721512
0.05315403267741203
0.05392974242568016
0.050104446709156036
0.04606118053197861
0.05890394002199173
0.05123783275485039
0.052883997559547424
0.04980196803808212
0.060932375490665436
0.06484022736549377
0.05174583941698074
0.04621727019548416
0.05123499035835266
0.049570463597774506
0.05324921756982803
0.07749628275632858
0.05200353264808655
0.05744175612926483
0.06075343117117882
0.0534445121884346
0.05301257595419884
0.046671003103256226
0.05421663448214531
0.051965679973363876
0.05369972437620163
0.05870523303747177
0.048810925334692
0.04979095980525017
0.05375508591532707
0.058194465935230255
0.05340470373630524
0.0546979121863842
0.04484804719686508
0.05731837451457977
0.05153137445449829
0.05281589552760124
0.06312916427850723
0.04733195900917053
0.0569106861948967
0.055928997695446014
0.05092894658446312
0.04932212084531784
0.05364612862467766
0.06643020361661911
0.06501820683479309
0.04999963194131851
0.052166372537612915
0.04988320171833038
0.04809638857841492
0.045965489000082016
0.053584080189466476
0.042327698320150375
0.05799545347690582
0.04601689800620079
0.05698496103286743
0.05267409607768059
0.0512298159301281
0.0649656355381012
0.04612155258655548
0.04991959035396576
0.054015375673770905
0.051756806671619415
0.05475001037120819
0.05236157029867172
0.0611872598528862
0.05193962901830673
0.05374255031347275
0.05341725796461105
0.047592632472515106
0.05124560743570328
0.050490912050008774
0.058207616209983826
0.04848697781562805
0.05180554836988449
0.05086250230669975
0.0486748032271862
0.047837357968091965
0.047760628163814545
0.05824480950832367
0.05067218467593193
0.04744448885321617
0.04577739164233208
0.04967682808637619
0.04875101149082184
0.049016889184713364
0.05272240564227104
0.05011158809065819
0.054675109684467316
0.04893225431442261
0.044253647327423096
0.04840632528066635
0.04519202560186386
0.056741517037153244
0.050893183797597885
0.04529780149459839
0.05522166192531586
0.04630269110202789
0.05413372442126274
0.055344127118587494
0.06294301152229309
0.05345408618450165
0.05235632508993149
0.052076831459999084
0.04506533592939377
0.051811035722494125
0.04623832553625107
0.05083702504634857
0.04438785836100578
0.04208178073167801
0.05159962922334671
0.04435598477721214
0.05470200628042221
0.04945070669054985
0.049519967287778854
0.05102873593568802
0.04903619736433029
0.046357061713933945
0.0437445268034935
0.052514538168907166
0.04736768826842308
0.05525118112564087
0.051456525921821594
0.04490603134036064
0.04845298454165459
0.04884710535407066
0.041528478264808655
0.053401291370391846
0.08046659082174301
0.05023027956485748
0.04831458255648613
0.053204745054244995
0.04890129715204239
0.04744118079543114
0.05198834463953972
0.056957002729177475
0.046014994382858276
0.046896301209926605
0.058083243668079376
0.04862165451049805
0.049664825201034546
0.05620328709483147
0.04581490904092789
0.04975896328687668
0.04988039657473564
0.044087715446949005
0.05172757804393768
0.04558245465159416
0.047352783381938934
0.06332292407751083
0.04780218005180359
0.046652257442474365
0.05178774148225784
0.06357046216726303
0.048198577016592026
0.041991665959358215
0.06891926378011703
0.05908716842532158
0.04317350313067436
0.04327595233917236
0.0467488169670105
0.04883188009262085
0.05893285199999809
0.0580589585006237
0.04922451078891754
0.05060064420104027
0.0444566011428833
0.05481824278831482
0.04641084000468254
0.04620731994509697
0.04737527668476105
0.0571286641061306
0.051703549921512604
0.04644932597875595
0.04521579667925835
0.048247333616018295
0.045787062495946884
0.050263114273548126
0.04654107242822647
0.04600965976715088
0.04998098313808441
0.04526512324810028
0.04571209475398064
0.04638060927391052
0.06920721381902695
0.0453471764922142
0.04946465790271759
0.04891163110733032
0.041435543447732925
0.050665002316236496
0.04465119540691376
0.055217042565345764
0.04328085109591484
0.052537333220243454
0.04577503353357315
0.04436531290411949
0.05305046588182449
0.04745316505432129
0.06714572012424469
0.047529786825180054
0.050622548907995224
0.04904811084270477
0.05027186870574951
0.05024567246437073
0.041688717901706696
0.059010934084653854
0.04664889723062515
0.04389715939760208
0.045569345355033875
0.045373763889074326
0.04412911832332611
0.05443606898188591
0.06676413863897324
0.04363405331969261
0.043226875364780426
0.05188770592212677
0.0467701181769371
0.04569093883037567
0.04769303649663925
0.05474315583705902
0.04987214133143425
0.04187682271003723
0.045667387545108795
0.04336383193731308
0.05265811085700989
0.045709945261478424
0.06141989678144455
0.04773777723312378
0.049569468945264816
0.048261236399412155
0.044900815933942795
0.048462994396686554
0.044614121317863464
0.05652756989002228
0.05333077907562256
0.042284272611141205
0.04432890564203262
0.044929035007953644
0.04326794669032097
0.049737341701984406
0.05304674059152603
0.051520153880119324
0.04597586393356323
0.04321017488837242
0.04360821843147278
0.057137083262205124
0.046893469989299774
0.05031925067305565
0.056151241064071655
0.04739227890968323
0.04516424238681793
0.042663928121328354
0.04186004027724266
0.04464701935648918
0.05638933181762695
0.05561558157205582
0.044469624757766724
0.046711333096027374
0.04577495902776718
0.03985051065683365
0.04255017638206482
0.0645655021071434
0.05679761618375778
0.04563559591770172
0.05168347805738449
0.04534619301557541
0.04086067155003548
0.042333003133535385
0.06172680854797363
0.045187532901763916
0.05295499414205551
0.04448407143354416
0.0469924658536911
0.05194426327943802
0.05430971831083298
0.0617964044213295
0.04665406048297882
0.041977912187576294
0.04988311976194382
0.045393846929073334
0.042963266372680664
0.053332604467868805
0.051863234490156174
0.04364640638232231
0.04667426645755768
0.04513553902506828
0.044919177889823914
0.04789121076464653
0.04430709779262543
0.052137307822704315
0.048358406871557236
0.044509973376989365
0.05656459555029869
0.05037795007228851
0.04743194580078125
0.045048292726278305
0.062487103044986725
0.04835133999586105
0.039370134472846985
0.046914681792259216
0.049628034234046936
0.044141508638858795
0.0462099127471447
0.05978041887283325
0.03925555571913719
0.043848492205142975
0.0483589693903923
0.04595034942030907
0.05006694793701172
0.04888160154223442
0.05841168761253357
0.0482015460729599
0.048632122576236725
0.04828142747282982
0.04553995653986931
0.04108540713787079
0.04754473268985748
0.090199314057827
0.060171566903591156
0.049104705452919006
0.05106267333030701
0.0527450367808342
0.04573391377925873
0.04442903399467468
0.05798032879829407
0.04431130737066269
0.04566117376089096
0.04877537116408348
0.04614528268575668
0.04549908638000488
0.04946513473987579
0.05647813528776169
0.04475519806146622
0.04234764724969864
0.047899164259433746
0.046852223575115204
0.04454885050654411
0.04437541589140892
0.05648215115070343
0.04401426762342453
0.04623802751302719
0.04801610857248306
0.04697781428694725
0.045343708246946335
0.04276635870337486
0.09160396456718445
0.04875948652625084
0.052020564675331116
0.04539095610380173
0.05121427774429321
0.0459921769797802
0.045932866632938385
0.09611740708351135
0.052002616226673126
0.04727136343717575
0.050629403442144394
0.05302359163761139
0.04655119404196739
0.04884805902838707
0.05732376500964165
0.04912798851728439
0.04807287082076073
0.0497237890958786
0.04378558322787285
0.04639287292957306
0.044386785477399826
0.04987001419067383
0.05430639535188675
0.050077781081199646
0.045256391167640686
0.04260101169347763
0.045366011559963226
0.048102058470249176
0.056391339749097824
0.04321078583598137
0.043188922107219696
0.04611130803823471
0.04598131775856018
0.0511147677898407
0.05364547669887543
0.05936800688505173
0.04723287373781204
0.04556012153625488
0.041950151324272156
0.05463846027851105
0.0449519008398056
0.04576940834522247
0.05210019648075104
0.040946535766124725
0.041229937225580215
0.04771396517753601
0.052766814827919006
0.05014020949602127
0.04010817036032677
0.05535432696342468
0.045840855687856674
0.04037134721875191
0.03971234709024429
0.04659099131822586
0.04981747269630432
0.05758831650018692
0.05133701115846634
0.0559413880109787
0.04265955090522766
0.04326607286930084
0.041274938732385635
0.04813920706510544
0.04444953799247742
0.0498775839805603
0.036024950444698334
0.041854389011859894
0.05231650918722153
0.04573974013328552
0.04562409967184067
0.04720477759838104
0.052004095166921616
0.0474550686776638
0.04424962401390076
0.042670197784900665
0.044362492859363556
0.04586382210254669
0.04348235949873924
0.043347157537937164
0.04108373820781708
0.04350646585226059
0.04769759997725487
0.041218992322683334
0.04649616405367851
0.05114458128809929
0.06394344568252563
0.04326654225587845
0.05733582004904747
0.04138164967298508
0.049813054502010345
0.04502949118614197
0.042374834418296814
0.04896729439496994
0.04960731789469719
0.045647405087947845
0.04268335923552513
0.047773174941539764
0.03891191631555557
0.04009392112493515
0.05326562747359276
0.04089256376028061
0.04472161456942558
0.046127140522003174
0.0448235347867012
0.04259038716554642
0.0427435040473938
0.055348291993141174
0.04588257521390915
0.0452192947268486
0.04338778555393219
0.04274844378232956
0.047957658767700195
0.04261026903986931
0.04471781104803085
0.043526045978069305
0.04341834783554077
0.041446223855018616
0.043809305876493454
0.048301976174116135
0.0431070476770401
0.049573224037885666
0.042247988283634186
0.04184305667877197
0.052279554307460785
0.04691147804260254
0.04090413078665733
0.04889245331287384
0.060259267687797546
0.042930327355861664
0.044913556426763535
0.049517612904310226
0.05331326276063919
0.04421805590391159
0.04035063087940216
0.05913102254271507
0.045925773680210114
0.043862856924533844
0.05103227496147156
0.05035398527979851
0.04167259484529495
0.04801151156425476
0.06034410744905472
0.048454366624355316
0.04484754055738449
0.05139319598674774
0.04163569211959839
0.03956667333841324
0.044312961399555206
0.05600082501769066
0.0409204475581646
0.043723370879888535
0.04645019397139549
0.04147644340991974
0.04620089754462242
0.04321489483118057
0.04765411466360092
0.04141274094581604
0.03918149322271347
0.041436247527599335
0.04264169558882713
0.04307650774717331
0.042843904346227646
0.05691387504339218
0.04478662833571434
0.04702216014266014
0.048257213085889816
0.03984573110938072
0.0388493686914444
0.043028637766838074
0.06284761428833008
0.042044829577207565
0.043333686888217926
0.04068898782134056
0.04440855234861374
0.04182881861925125
0.0417913943529129
0.058742500841617584
0.04672382026910782
0.046098291873931885
0.04086931794881821
0.04262574762105942
0.038826748728752136
0.048330314457416534
0.06201624870300293
0.04401389881968498
0.04173381254076958
0.040685176849365234
0.040790386497974396
0.039595987647771835
0.045991118997335434
0.06841081380844116
0.047782134264707565
0.04770854860544205
0.03844194859266281
0.03895483911037445
0.04299536347389221
0.050368718802928925
0.04345709830522537
0.04744080826640129
0.04291347414255142
0.0386640727519989
0.0469597689807415
0.04227454587817192
0.040692321956157684
0.05806503817439079
0.04006003588438034
0.04032248258590698
0.04134067893028259
0.04206177592277527
0.04203347861766815
0.03890834003686905
0.08433543145656586
0.04392026364803314
0.04423392936587334
0.04389101266860962
0.043731242418289185
0.04096171632409096
0.04242526739835739
0.0509185716509819
0.039171792566776276
0.04186880588531494
0.046389445662498474
0.042703740298748016
0.046719588339328766
0.03830459713935852
0.04528191313147545
0.03816217929124832
0.039963915944099426
0.04361322522163391
0.03983158618211746
0.04277276247739792
0.0412437878549099
0.05124745890498161
0.03922773152589798
0.043988462537527084
0.049860112369060516
0.04370224103331566
0.037437111139297485
0.04550208896398544
0.0521094873547554
0.04069827124476433
0.0414571538567543
0.039517294615507126
0.04193020984530449
0.04978965222835541
0.04151800647377968
0.05835438519716263
0.044792696833610535
0.04806695505976677
0.04984007403254509
0.04626026377081871
0.044114500284194946
0.05006392300128937
0.04792837053537369
0.047471024096012115
0.04607519507408142
0.047853983938694
0.04432637244462967
0.05030224472284317
0.044809259474277496
0.05163919925689697
0.048820026218891144
0.04619308561086655
0.0451020672917366
0.03712800145149231
0.044175177812576294
0.05274417623877525
0.06298761814832687
0.045240696519613266
0.05051649734377861
0.04365767166018486
0.04414726421236992
0.04229196161031723
0.04394889622926712
0.06327294558286667
0.04962059110403061
0.04505803436040878
0.04247325286269188
0.04345995932817459
0.04746180400252342
0.04528288543224335
0.04810917377471924
0.04062921553850174
0.0438002310693264
0.04426094517111778
0.04525662958621979
0.05281597003340721
0.03980937600135803
0.05713286250829697
0.03656674921512604
0.04461494833230972
0.043867237865924835
0.052064113318920135
0.040118586272001266
0.04762330651283264
0.04905525967478752
0.04164782166481018
0.052187856286764145
0.04574207589030266
0.0417492538690567
0.044886257499456406
0.04104272276163101
0.047032322734594345
0.042633056640625
0.04292217642068863
0.03935614228248596
0.040009886026382446
0.03870581462979317
0.04254160821437836
0.05182419344782829
0.04424092918634415
0.041790422052145004
0.04405796527862549
0.04271457716822624
0.03936342895030975
0.03757645934820175
0.04857528954744339
0.042698055505752563
0.04326602816581726
0.043512605130672455
0.04047679901123047
0.03969092667102814
0.039857685565948486
0.05701509118080139
0.04508525878190994
0.04986485838890076
0.04014143720269203
0.04100218415260315
0.04322186857461929
0.03973860666155815
0.05337122827768326
0.039217665791511536
0.044655777513980865
0.03891201317310333
0.03953787684440613
0.047484707087278366
0.038095563650131226
0.0706922709941864
0.05504785478115082
0.04450882598757744
0.04042613506317139
0.04090430960059166
0.041733842343091965
0.04291911423206329
0.06981498003005981
0.0437212698161602
0.04294396564364433
0.04577717185020447
0.04471501708030701
0.045859478414058685
0.049466803669929504
0.07005619257688522
0.04733436554670334
0.05719628930091858
0.0452481210231781
0.04872588440775871
0.04696255177259445
0.042674846947193146
0.05149555951356888
0.0432206392288208
0.04429664462804794
0.04429001361131668
0.0421806275844574
0.04374661296606064
0.03973035514354706
0.06029780954122543
0.04446209967136383
0.052128106355667114
0.04231567680835724
0.04838056117296219
0.040994852781295776
0.039864055812358856
0.12983283400535583
0.06158128380775452
0.06893974542617798
0.063264399766922
0.055276837199926376
0.050417251884937286
0.05430159717798233
0.0793054923415184
0.046785563230514526
0.051072653383016586
0.04633086919784546
0.044673480093479156
0.04350662976503372
0.04903116077184677
0.04617863520979881
0.042545534670352936
0.05003182590007782
0.047457948327064514
0.04094216972589493
0.045247431844472885
0.04523153603076935
0.04509885609149933
0.046578314155340195
0.041124261915683746
0.04155672341585159
0.043114520609378815
0.04331601411104202
0.042226530611515045
0.05404689162969589
0.04609524831175804
0.03836631029844284
0.038277436047792435
0.05071275681257248
0.04078960418701172
0.044099822640419006
0.04439907521009445
0.04220758005976677
0.04884525388479233
0.03755291551351547
0.04605906829237938
0.038457609713077545
0.043593764305114746
0.05061911791563034
0.042606644332408905
0.043527163565158844
0.04129292070865631
0.043583378195762634
0.03821165859699249
0.04375792667269707
0.044828929007053375
0.04280472546815872
0.042226776480674744
0.041897132992744446
0.0443682000041008
0.04350617155432701
0.0410081148147583
0.042114630341529846
0.04332756996154785
0.04524288326501846
0.04001946747303009
0.043176185339689255
0.041646040976047516
0.039524078369140625
0.056659385561943054
0.045838601887226105
0.04184720665216446
0.03961389511823654
0.04051404818892479
0.044653695076704025
0.03885863348841667
0.05032018572092056
0.0400690957903862
0.04216383397579193
0.037744298577308655
0.03762165457010269
0.04164544492959976
0.040437228977680206
0.0687328428030014
0.04368564113974571
0.043266281485557556
0.04296103119850159
0.04567445069551468
0.04051085561513901
0.040607646107673645
0.05382926017045975
0.03727274388074875
0.042877353727817535
0.04501898214221001
0.04421329125761986
0.0393761470913887
0.04401997849345207
0.05008583888411522
0.03754264861345291
0.046174727380275726
0.038628991693258286
0.04214033484458923
0.044536419212818146
0.042660199105739594
0.04483019560575485
0.039708420634269714
0.04107510298490524
0.045002423226833344
0.04060966521501541
0.04213620722293854
0.04040732979774475
0.08211824297904968
0.04440140351653099
0.043588630855083466
0.04753605276346207
0.04659397155046463
0.042872846126556396
0.03888460621237755
0.07358337193727493
0.04039088636636734
0.047692425549030304
0.0421149842441082
0.04057804495096207
0.041197702288627625
0.0411873459815979
0.06306073069572449
0.04291173443198204
0.04247559607028961
0.04376263916492462
0.040467970073223114
0.04106497764587402
0.03930805251002312
0.051794908940792084
0.038412224501371384
0.03942040726542473
0.05104411765933037
0.04429128021001816
0.04151507839560509
0.03993723541498184
0.04604971408843994
0.04161713272333145
0.041409146040678024
0.04972466826438904
0.04041502997279167
0.03784983977675438
0.05134725198149681
0.04480849951505661
0.043611787259578705
0.0389714390039444
0.05343303829431534
0.044569529592990875
0.04279624670743942
0.03791768476366997
0.054812587797641754
0.038580432534217834
0.04054984077811241
0.03509940579533577
0.04281937703490257
0.042375799268484116
0.03904300183057785
0.062218260020017624
0.040856122970581055
0.04499228298664093
0.04596167802810669
0.0411536768078804
0.043442219495773315
0.04138082638382912
0.07641849666833878
0.045937903225421906
0.045208971947431564
0.04338531941175461
0.044970735907554626
0.04061621055006981
0.039801329374313354
0.05424385517835617
0.04509768635034561
0.043882932513952255
0.03958053141832352
0.04282161593437195
0.03934893012046814
0.04656028002500534
0.051564693450927734
0.043494295328855515
0.04626385495066643
0.04499678313732147
0.039023805409669876
0.039781585335731506
0.0373539999127388
0.07434340566396713
0.04657626897096634
0.04629921168088913
0.046357154846191406
0.04958313703536987
0.043610721826553345
0.04130282998085022
0.05419404059648514
0.04294619709253311
0.04306597635149956
0.036342114210128784
0.038480330258607864
0.040336403995752335
0.046656932681798935
0.05901401862502098
0.04939766973257065
0.037074897438287735
0.04288613051176071
0.03928295522928238
0.04294435679912567
0.04681587964296341
0.05130898207426071
0.04796314239501953
0.04147699102759361
0.04551739990711212
0.03978803753852844
0.043335266411304474
0.03655339032411575
0.0720832347869873
0.044147789478302
0.042127128690481186
0.050154224038124084
0.04416315257549286
0.045069821178913116
0.03985382243990898
0.0543048158288002
0.03850840777158737
0.039453208446502686
0.04549676924943924
0.038204751908779144
0.04921364411711693
0.03885241225361824
0.05854257196187973
0.038564980030059814
0.04974357783794403
0.04063718765974045
0.040664296597242355
0.03947094827890396
0.041552841663360596
0.05204818770289421
0.043769385665655136
0.041027896106243134
0.04432937502861023
0.038235217332839966
0.03696823865175247
0.04180903360247612
0.056956417858600616
0.03773334622383118
0.04362434148788452
0.03869490697979927
0.037784043699502945
0.041491709649562836
0.0428178571164608
0.043252356350421906
0.04109654203057289
0.037851445376873016
0.04168926179409027
0.033893126994371414
0.03849135711789131
0.05193806439638138
0.05018128082156181
0.037729304283857346
0.04194354638457298
0.04096010699868202
0.048611681908369064
0.0398281067609787
0.037207961082458496
0.06813203543424606
0.04217322915792465
0.044933270663022995
0.04729083180427551
0.03930767998099327
0.04282248020172119
0.03867863863706589
0.04139646887779236
0.03809868544340134
0.03857855871319771
0.04081906005740166
0.03742479905486107
0.036713872104883194
0.04723868891596794
0.04856372997164726
0.03925331309437752
0.04609260708093643
0.03868081048130989
0.035033874213695526
0.03968031704425812
0.040262918919324875
0.043804749846458435
0.038632214069366455
0.04173625633120537
0.04566022381186485
0.0360293872654438
0.03307896479964256
0.038147687911987305
0.04960693418979645
0.0407218374311924
0.038112178444862366
0.03586997836828232
0.04310488700866699
0.038098059594631195
0.034042127430438995
0.06348985433578491
0.03787732869386673
0.039406418800354004
0.036919351667165756
0.04241091012954712
0.045630887150764465
0.04236625134944916
0.04975345730781555
0.044792771339416504
0.04182618856430054
0.04009668529033661
0.041998546570539474
0.04401495307683945
0.03938708081841469
0.05299445241689682
0.03815528750419617
0.04129296913743019
0.03842699155211449
0.04063434898853302
0.04351262375712395
0.04216703400015831
0.05011937767267227
0.04249873384833336
0.04113124683499336
0.040304675698280334
0.039416104555130005
0.03751759231090546
0.040086228400468826
0.049239352345466614
0.03609022498130798
0.047785475850105286
0.04094770550727844
0.035622965544462204
0.035354677587747574
0.039806365966796875
0.06754857301712036
0.043015748262405396
0.03982098028063774
0.04061078280210495
0.03941098228096962
0.040046945214271545
0.036856718361377716
0.036367032676935196
0.039407581090927124
0.03607170656323433
0.037313416600227356
0.04045642167329788
0.038016676902770996
0.03613832965493202
0.07109536230564117
0.041865311563014984
0.04143273085355759
0.044612638652324677
0.0477377250790596
0.040685005486011505
0.04028674587607384
0.048902273178100586
0.03777831792831421
0.042308956384658813
0.037668224424123764
0.039410315454006195
0.045974001288414
0.03712001442909241
0.057428523898124695
0.0392628088593483
0.039327748119831085
0.04325680062174797
0.041797976940870285
0.040164701640605927
0.036884408444166183
0.06612196564674377
0.04016626253724098
0.0361466147005558
0.03466620296239853
0.044710151851177216
0.04060495272278786
0.04483910650014877
0.04756910353899002
0.04233362898230553
0.037700753659009933
0.04182411730289459
0.03740888461470604
0.040407635271549225
0.043761737644672394
0.041759513318538666
0.03927895426750183
0.03709563612937927
0.038021765649318695
0.03977849334478378
0.04089142009615898
0.039644647389650345
0.043257471174001694
0.03643002361059189
0.04374006390571594
0.036704402416944504
0.043629638850688934
0.035528384149074554
0.033681511878967285
0.04477667808532715
0.03684353828430176
0.03557252883911133
0.039736438542604446
0.03849472105503082
0.04142453148961067
0.036941904574632645
0.0470566563308239
0.044310957193374634
0.03964550793170929
0.04001859575510025
0.0363735556602478
0.035256218165159225
0.03807614743709564
0.045629359781742096
0.039395712316036224
0.044508080929517746
0.03975915536284447
0.03892587870359421
0.036254823207855225
0.035775743424892426
0.04656068608164787
0.038820311427116394
0.04044100269675255
0.039549320936203
0.03539678454399109
0.038024239242076874
0.03616918623447418
0.07403287291526794
0.04271424934267998
0.048624854534864426
0.04276181384921074
0.04079065099358559
0.03972085565328598
0.03838571161031723
0.0420476496219635
0.039367590099573135
0.04095899686217308
0.0373547226190567
0.04031985625624657
0.03583761304616928
0.03994959592819214
0.03998656943440437
0.035748135298490524
0.0362129881978035
0.04309863969683647
0.038768693804740906
0.03706057369709015
0.03854672238230705
0.08569668978452682
0.051084816455841064
0.0449952594935894
0.04379419982433319
0.036569856107234955
0.040052950382232666
0.03811967000365257
0.050063714385032654
0.04028975963592529
0.04016905650496483
0.04404660686850548
0.04044482856988907
0.04005289077758789
0.037243444472551346
0.05167020112276077
0.0461612306535244
0.036953769624233246
0.03904687613248825
0.03818060830235481
0.03742023929953575
0.038739629089832306
0.06018887460231781
0.04419742524623871
0.04053051769733429
0.039193492382764816
0.0399395227432251
0.03759537637233734
0.03947567194700241
0.04960998520255089
0.04347863793373108
0.036136940121650696
0.038734182715415955
0.03334755450487137
0.035692907869815826
0.042328547686338425
0.06122685223817825
0.04276042804121971
0.037980496883392334
0.0384218767285347
0.037073370069265366
0.03901331499218941
0.03919737786054611
0.0490657202899456
0.043179702013731
0.034926097840070724
0.039286114275455475
0.038090780377388
0.03429929167032242
0.03811007738113403
0.04931177943944931
0.03763773292303085
0.0381217896938324
0.03955801948904991
0.03885773569345474
0.033245641738176346
0.03582640364766121
0.05641529709100723
0.04075081646442413
0.03802789747714996
0.03823653981089592
0.03636055812239647
0.03970865160226822
0.036997195333242416
0.053840234875679016
0.04546096548438072
0.03727947175502777
0.046952709555625916
0.04297338426113129
0.03822997212409973
0.04103902727365494
0.0479607954621315
0.044350795447826385
0.041554149240255356
0.04347483068704605
0.03910835087299347
0.036371320486068726
0.03755757585167885
0.04212663695216179
0.04243284463882446
0.0399620458483696
0.037620991468429565
0.03674891218543053
0.03840653598308563
0.035242222249507904
0.04738762974739075
0.03741098567843437
0.03799617290496826
0.03463483229279518
0.03829415515065193
0.033978383988142014
0.03605145961046219
0.06976741552352905
0.042062535881996155
0.04133458435535431
0.03878705948591232
0.03686731308698654
0.03392571955919266
0.03530770540237427
0.05086348578333855
0.032891564071178436
0.04192055016756058
0.03674697130918503
0.03439198061823845
0.03882443159818649
0.03949291259050369
0.061681151390075684
0.039079390466213226
0.04725418984889984
0.04076774790883064
0.03617748245596886
0.036002036184072495
0.04429113119840622
0.0458434633910656
0.0405646488070488
0.039107825607061386
0.045345209538936615
0.03319074958562851
0.034018374979496
0.04218337684869766
0.04402240365743637
0.03535326570272446
0.04296029731631279
0.03503340855240822
0.035049986094236374
0.04083271324634552
0.03797783702611923
0.058236416429281235
0.039505958557128906
0.035713791847229004
0.040327221155166626
0.03629455715417862
0.0363151878118515
0.035727448761463165
0.05481214448809624
0.03726489469408989
0.042501188814640045
0.035682328045368195
0.04355558007955551
0.03884395956993103
0.03446501865983009
0.04366426169872284
0.04163756221532822
0.04213428124785423
0.03635898977518082
0.03513240069150925
0.03563342243432999
0.03825560584664345
0.03545064106583595
0.03691980242729187
0.037279073148965836
0.037980515509843826
0.037760306149721146
0.03246434032917023
0.03527752310037613
0.05400864779949188
0.03573910519480705
0.041615549474954605
0.03456169366836548
0.039629578590393066
0.03511517494916916
0.03525237366557121
0.045186206698417664
0.04271743446588516
0.03921414539217949
0.03370577096939087
0.03730267286300659
0.03866710141301155
0.0392741858959198
0.049502067267894745
0.04355877637863159
0.03497933968901634
0.038533784449100494
0.03734636306762695
0.038618385791778564
0.03518535941839218
0.045173145830631256
0.03265818953514099
0.03925744816660881
0.03645512834191322
0.04132590442895889
0.03581884503364563
0.0382203534245491
0.0498470775783062
0.03241186589002609
0.045670948922634125
0.03743632510304451
0.03992890566587448
0.03557198494672775
0.03387407958507538
0.05396709591150284
0.03667739778757095
0.032906629145145416
0.03717414289712906
0.0377008318901062
0.03602612763643265
0.03689908981323242
0.050749897956848145
0.0414077527821064
0.03489195182919502
0.03726362809538841
0.03545490652322769
0.039829812943935394
0.03538611903786659
0.0544847808778286
0.04072254151105881
0.03547162562608719
0.043003495782613754
0.037043627351522446
0.034781314432621
0.033624209463596344
0.052214622497558594
0.041747115552425385
0.038410402834415436
0.035413481295108795
0.03993566334247589
0.04038079082965851
0.0378042608499527
0.04335770010948181
0.03290196880698204
0.0360252782702446
0.04026448726654053
0.036733850836753845
0.03889475762844086
0.03402024880051613
0.04931871220469475
0.03859920799732208
0.03707875683903694
0.038777656853199005
0.038637932389974594
0.034803763031959534
0.0348544605076313
0.042539484798908234
0.03476325795054436
0.03535139188170433
0.035060834139585495
0.03909212350845337
0.03413839638233185
0.045000385493040085
0.04422291740775108
0.038614388555288315
0.03886401653289795
0.03512054681777954
0.03353603929281235
0.035167668014764786
0.03806246072053909
0.04726220667362213
0.03682299703359604
0.04201514273881912
0.033426668494939804
0.036320339888334274
0.03276040405035019
0.03699101135134697
0.056753646582365036
0.035966672003269196
0.04441777989268303
0.037745825946331024
0.03671903535723686
0.034809309989213943
0.0360439196228981
0.04665084183216095
0.039397697895765305
0.03693404048681259
0.03917159140110016
0.03705747425556183
0.031405724585056305
0.040135085582733154
0.042559634894132614
0.031822096556425095
0.036455877125263214
0.034666500985622406
0.03434450551867485
0.03737819939851761
0.04395177960395813
0.041818395256996155
0.03739027678966522
0.03513412922620773
0.03351398929953575
0.03209831193089485
0.041091930121183395
0.03614700213074684
0.042768578976392746
0.03506135568022728
0.03306255489587784
0.03742333501577377
0.0378946028649807
0.036961209028959274
0.036061324179172516
0.0493880920112133
0.036212798207998276
0.03264708071947098
0.038490112870931625
0.0365598239004612
0.033916834741830826
0.03835881128907204
0.04716859385371208
0.03749968856573105
0.03661896288394928
0.03569690138101578
0.03725225478410721
0.0377161018550396
0.046492986381053925
0.0595041923224926
0.03808215260505676
0.03952103853225708
0.032476406544446945
0.03404455631971359
0.037438880652189255
0.03961819410324097
0.04661078751087189
0.03353451192378998
0.039653778076171875
0.0394112803041935
0.03798007220029831
0.0339275561273098
0.036591410636901855
0.04127071052789688
0.03541029617190361
0.039723917841911316
0.034256912767887115
0.03539544343948364
0.033953383564949036
0.03142581135034561
0.06550176441669464
0.04014229774475098
0.043306395411491394
0.041629016399383545
0.03792925179004669
0.03239533305168152
0.03896195814013481
0.041478171944618225
0.03685993701219559
0.040037985891103745
0.03529095649719238
0.03245709463953972
0.03799395263195038
0.03802228346467018
0.0538899302482605
0.036638688296079636
0.040356531739234924
0.03913618624210358
0.03460478410124779
0.039939820766448975
0.03783239424228668
0.04581599682569504
0.03657565265893936
0.03542875871062279
0.0370168499648571
0.03583671152591705
0.033855751156806946
0.0353565588593483
0.04591082036495209
0.0369550921022892
0.034456536173820496
0.038268472999334335
0.036022257059812546
0.02948753349483013
0.043779440224170685
0.04545016214251518
0.03732062876224518
0.034947752952575684
0.03524845093488693
0.034343939274549484
0.03674905002117157
0.03928074240684509
0.046164870262145996
0.032857611775398254
0.03180710971355438
0.03568054735660553
0.03346297889947891
0.04428012669086456
0.034408025443553925
0.0523117259144783
0.03502204269170761
0.035521842539310455
0.03273751214146614
0.035946689546108246
0.034390877932310104
0.03760542348027229
0.05063819885253906
0.03729509562253952
0.041835155338048935
0.033591434359550476
0.03580840677022934
0.0369110144674778
0.033669643104076385
0.045926135033369064
0.03357025235891342
0.034153785556554794
0.03881489485502243
0.03773392736911774
0.036696359515190125
0.03190561383962631
0.049364637583494186
0.03769458457827568
0.04634445533156395
0.0405099019408226
0.037450868636369705
0.03807567059993744
0.03962988033890724
0.04563730210065842
0.03933199122548103
0.04277576133608818
0.03450382128357887
0.03806999698281288
0.03506335988640785
0.03942190110683441
0.04951286315917969
0.03589262813329697
0.03493034839630127
0.03473809361457825
0.03402313217520714
0.04117890074849129
0.03577379882335663
0.04750663787126541
0.03571334481239319
0.03867156058549881
0.031181558966636658
0.03473780304193497
0.033429328352212906
0.03359994292259216
0.09644436091184616
0.050263792276382446
0.04441363364458084
0.040154896676540375
0.04209720343351364
0.03755290433764458
0.04375389218330383
0.04745461046695709
0.051619432866573334
0.03792979568243027
0.04847792536020279
0.036815375089645386
0.03875666856765747
0.032964110374450684
0.04175841063261032
0.03646891936659813
0.03729338198900223
0.03518453985452652
0.0374985933303833
0.03636923059821129
0.03622561693191528
0.05601665377616882
0.03710389882326126
0.03812693804502487
0.03507854789495468
0.03663914278149605
0.039229776710271835
0.033776141703128815
0.05405900627374649
0.04274454340338707
0.036060579121112823
0.03405853360891342
0.036397822201251984
0.037556447088718414
0.03262463957071304
0.05669836327433586
0.033481400460004807
0.03543936461210251
0.03940024599432945
0.03360480070114136
0.04017271474003792
0.03990229591727257
0.04285883903503418
0.03771013021469116
0.04081665724515915
0.03619028627872467
0.03898511454463005
0.034675680100917816
0.032007575035095215
0.04295456409454346
0.03807758539915085
0.03140563517808914
0.037840016186237335
0.03885297477245331
0.03591792657971382
0.037417858839035034
0.04074928164482117
0.03548413887619972
0.031135519966483116
0.03547567501664162
0.035334765911102295
0.03796375170350075
0.03794550150632858
0.04008127376437187
0.0345776230096817
0.03516624495387077
0.036527156829833984
0.03476247191429138
0.03468228876590729
0.03257782384753227
0.04349106550216675
0.035144440829753876
0.03207025304436684
0.03341803327202797
0.03714853525161743
0.035991355776786804
0.04055051505565643
0.038871217519044876
0.034901153296232224
0.03330008685588837
0.034776799380779266
0.03291654586791992
0.036040276288986206
0.03332854062318802
0.050801437348127365
0.03607093542814255
0.036228202283382416
0.03648097440600395
0.03391226381063461
0.03532422333955765
0.03248722106218338
0.04212729632854462
0.0343269482254982
0.03508310765028
0.03537527471780777
0.038199689239263535
0.035007670521736145
0.03147408366203308
0.052838943898677826
0.0334249809384346
0.03587011620402336
0.03546515107154846
0.03529255464673042
0.03536232188344002
0.032811786979436874
0.04381025955080986
0.03551853075623512
0.033664871007204056
0.035984382033348083
0.03794662654399872
0.03417399525642395
0.03133409470319748
0.04005890339612961
0.036914750933647156
0.03380364924669266
0.03331578150391579
0.03356979042291641
0.030872447416186333
0.034739114344120026
0.035746537148952484
0.031405676156282425
0.036525942385196686
0.03489737957715988
0.035241663455963135
0.03610648959875107
0.03535839915275574
0.05199635028839111
0.03432103246450424
0.03281880170106888
0.03114151582121849
0.031960804015398026
0.036316029727458954
0.03861856088042259
0.049163319170475006
0.03446967154741287
0.0359218567609787
0.030989285558462143
0.03772316128015518
0.035243920981884
0.03366578370332718
0.04293638467788696
0.03261836990714073
0.034532103687524796
0.033270213752985
0.03429107740521431
0.03455609083175659
0.035142142325639725
0.050905659794807434
0.03997476398944855
0.03584319353103638
0.035344041883945465
0.03662417083978653
0.035887833684682846
0.03820163384079933
0.04102732986211777
0.034886058419942856
0.03679189458489418
0.03325894474983215
0.03742467612028122
0.03470037505030632
0.035754453390836716
0.030878085643053055
0.036736391484737396
0.030994977802038193
0.03407079726457596
0.03680793568491936
0.03620770573616028
0.02989712916314602
0.0378488153219223
0.03356502205133438
0.03402067720890045
0.033063873648643494
0.03115469589829445
0.033925384283065796
0.033858511596918106
0.04053611308336258
0.0357808843255043
0.03299283981323242
0.03569271042943001
0.030993899330496788
0.03335132449865341
0.035718679428100586
0.03763868659734726
0.03573622182011604
0.0307281743735075
0.03317362070083618
0.04067717865109444
0.029858674854040146
0.0348677858710289
0.04089431092143059
0.03319584205746651
0.03667699918150902
0.04125329107046127
0.033156491816043854
0.032483749091625214
0.03635585680603981
0.040604837238788605
0.036802005022764206
0.03209219500422478
0.036796145141124725
0.033450014889240265
0.031989775598049164
0.03474089503288269
0.04738647863268852
0.037786006927490234
0.03155796602368355
0.03543883189558983
0.03474295511841774
0.03298689424991608
0.03297606483101845
0.04061094671487808
0.0379786342382431
0.03218961879611015
0.03273383155465126
0.03461281210184097
0.03358914703130722
0.037793900817632675
0.04090923070907593
0.04077993705868721
0.034629203379154205
0.03589422628283501
0.032544828951358795
0.0311579592525959
0.03628842905163765
0.031661104410886765
0.032881252467632294
0.03191101551055908
0.03550469130277634
0.03316038101911545
0.03661303222179413
0.033774808049201965
0.04718809574842453
0.032449569553136826
0.030994873493909836
0.03380905091762543
0.032230544835329056
0.035663239657878876
0.034159280359745026
0.048917174339294434
0.037046611309051514
0.0333976075053215
0.030341360718011856
0.03386010229587555
0.039438147097826004
0.036695852875709534
0.04871270805597305
0.03594408929347992
0.036987800151109695
0.03508806228637695
0.03293272852897644
0.03455299139022827
0.03270071744918823
0.03844408690929413
0.03088570013642311
0.03627613186836243
0.041184406727552414
0.03440205752849579
0.03117602877318859
0.03524075448513031
0.04979754239320755
0.04076568782329559
0.03619592636823654
0.04094573110342026
0.03930190950632095
0.03378525748848915
0.036355093121528625
0.03629729896783829
0.03918731212615967
0.03846675157546997
0.03764007240533829
0.03610749915242195
0.03363235294818878
0.030371643602848053
0.04499610885977745
0.03993754833936691
0.04119398444890976
0.032244425266981125
0.032562389969825745
0.036263518035411835
0.031135013327002525
0.03847526013851166
0.038825660943984985
0.03713793307542801
0.03711152821779251
0.038811713457107544
0.030746053904294968
0.03377430886030197
0.03756241500377655
0.033501580357551575
0.0393243283033371
0.03313504159450531
0.03822591155767441
0.029874620959162712
0.034638650715351105
0.03801978379487991
0.03523693606257439
0.037557121366262436
0.032432131469249725
0.03331248462200165
0.03034287504851818
0.03557209298014641
0.04865986108779907
0.034712739288806915
0.03311494365334511
0.046738192439079285
0.035588428378105164
0.03491250425577164
0.03352440893650055
0.04865553230047226
0.03354271501302719
0.04255908355116844
0.03582761436700821
0.035563938319683075
0.03326145559549332
0.031139887869358063
0.04169458895921707
0.03854091092944145
0.03252869099378586
0.03426478058099747
0.031476885080337524
0.034991174936294556
0.031230829656124115
0.051597412675619125
0.03719133138656616
0.030533581972122192
0.030939780175685883
0.03330332785844803
0.03518085926771164
0.037118617445230484
0.04239978641271591
0.03401188552379608
0.03710751235485077
0.03243400901556015
0.03436943516135216
0.03628165274858475
0.03395182639360428
0.050716668367385864
0.03379024192690849
0.03813780099153519
0.035365764051675797
0.03251039236783981
0.03300047293305397
0.032079316675662994
0.05082348734140396
0.03570028394460678
0.03502614051103592
0.031171679496765137
0.036051612347364426
0.034259047359228134
0.03158733621239662
0.04392246901988983
0.035460375249385834
0.03512676805257797
0.035151150077581406
0.03300642967224121
0.03209729865193367
0.03277776017785072
0.038011763244867325
0.029098376631736755
0.03858228772878647
0.03728821873664856
0.034601956605911255
0.03614843636751175
0.03158300369977951
0.03824327513575554
0.032993901520967484
0.032669611275196075
0.030712461099028587
0.03384594991803169
0.03466164320707321
0.03622186556458473
0.04182038828730583
0.031100861728191376
0.033938948065042496
0.02982710301876068
0.03520393371582031
0.030613094568252563
0.03304804489016533
0.05245741456747055
0.044028159230947495
0.035467810928821564
0.035797856748104095
0.03269480913877487
0.03061692789196968
0.03286287933588028
0.03812512010335922
0.036950744688510895
0.03143296763300896
0.03326144441962242
0.03554056957364082
0.03639625757932663
0.03553501144051552
0.06683343648910522
0.0365142896771431
0.03506729379296303
0.036660559475421906
0.040938228368759155
0.039820123463869095
0.03455973416566849
0.05062965303659439
0.03457227349281311
0.037646062672138214
0.03556258976459503
0.03187815099954605
0.033950984477996826
0.03372868895530701
0.040250182151794434
0.042167045176029205
0.03446190059185028
0.03153354674577713
0.036963190883398056
0.03598850592970848
0.033183783292770386
0.03651878982782364
0.03622109442949295
0.03530574589967728
0.0323898047208786
0.03738381713628769
0.03173596411943436
0.031038429588079453
0.06070571392774582
0.04133080691099167
0.038914866745471954
0.03878029063344002
0.03482974320650101
0.03397093713283539
0.03450942039489746
0.04028625041246414
0.03988546505570412
0.040544405579566956
0.03388829529285431
0.035047926008701324
0.0313316211104393
0.03285985812544823
0.04243425279855728
0.035307627171278
0.03140261396765709
0.035549096763134
0.036874689161777496
0.03090733289718628
0.032840795814991
0.045100778341293335
0.031173398718237877
0.03317427635192871
0.03423833101987839
0.0384979210793972
0.034044306725263596
0.02944282814860344
0.0547642782330513
0.037127137184143066
0.03415617719292641
0.03852180764079094
0.03916235640645027
0.033993713557720184
0.03466717526316643
0.044876959174871445
0.0332120917737484
0.03365832939743996
0.03111567348241806
0.031114734709262848
0.03361496329307556
0.034989871084690094
0.04427555948495865
0.029885854572057724
0.033803731203079224
0.04027238488197327
0.032590050250291824
0.03314950689673424
0.03570638969540596
0.03886055201292038
0.037987589836120605
0.03448984771966934
0.035834863781929016
0.0319221168756485
0.03478880226612091
0.030269749462604523
0.037168532609939575
0.032269448041915894
0.0343879833817482
0.034371327608823776
0.030239667743444443
0.03301358222961426
0.030757028609514236
0.04450228437781334
0.035830479115247726
0.036992043256759644
0.037084825336933136
0.02957107685506344
0.03133318945765495
0.031782276928424835
0.03486514464020729
0.03209933638572693
0.035389386117458344
0.035914625972509384
0.0349910594522953
0.039959900081157684
0.033619847148656845
0.03814717382192612
0.03335602208971977
0.033636100590229034
0.030764926224946976
0.03362344950437546
0.0345177948474884
0.03082747757434845
0.0420231968164444
0.03456920385360718
0.030604911968111992
0.03358650207519531
0.03313479200005531
0.03306852653622627
0.033973708748817444
0.04559152573347092
0.03231096267700195
0.03072921186685562
0.036097943782806396
0.034295059740543365
0.03522113710641861
0.033269766718149185
0.03792635723948479
0.035516154021024704
0.03320235759019852
0.029450777918100357
0.035756517201662064
0.03236059099435806
0.033200085163116455
0.04557814449071884
0.03555070236325264
0.029720116406679153
0.029151644557714462
0.0334027037024498
0.03545264154672623
0.034349266439676285
0.04170209914445877
0.03411497548222542
0.03571553900837898
0.03746707737445831
0.030303046107292175
0.03343016654253006
0.03373557701706886
0.03712492436170578
0.03607740253210068
0.03695158660411835
0.035242244601249695
0.03520841524004936
0.028658948838710785
0.030545711517333984
0.037801194936037064
0.027932900935411453
0.03448430448770523
0.03151760622859001
0.03418753668665886
0.033600542694330215
0.032999373972415924
0.03579431772232056
0.03146586939692497
0.03405395522713661
0.029931019991636276
0.03349333629012108
0.030427811667323112
0.032001107931137085
0.04397059231996536
0.03907884657382965
0.02987174317240715
0.03351598605513573
0.03174005448818207
0.031520478427410126
0.032223477959632874
0.03790563344955444
0.03322114795446396
0.03164054825901985
0.03367295861244202
0.034977301955223083
0.03078145533800125
0.030431199818849564
0.0424325130879879
0.04373160004615784
0.03226245567202568
0.033456914126873016
0.03401229530572891
0.029291227459907532
0.030306503176689148
0.04597000777721405
0.035451777279376984
0.03384745121002197
0.035892803221940994
0.032234758138656616
0.032684825360774994
0.029446063563227654
0.047777291387319565
0.03342520073056221
0.033264026045799255
0.0346251018345356
0.03421168774366379
0.03434218093752861
0.034579236060380936
0.052289750427007675
0.03516927361488342
0.03173436224460602
0.03197583556175232
0.03069058060646057
0.034544218331575394
0.033316001296043396
0.03604826331138611
0.029260966926813126
0.031487833708524704
0.03515192121267319
0.03661077469587326
0.03422960638999939
0.029962480068206787
0.03463025763630867
