0.8413838744163513
0.832612931728363
0.749138593673706
0.7393162250518799
0.7204359769821167
0.6392229795455933
0.6245355606079102
0.601901650428772
0.601012110710144
0.5836840271949768
0.5534305572509766
0.5491468906402588
0.5262284874916077
0.540510892868042
0.4745897948741913
0.4807581901550293
0.4550556540489197
0.4463808238506317
0.4610879123210907
0.4268021583557129
0.410115122795105
0.397615522146225
0.3894723653793335
0.37176817655563354
0.3597451448440552
0.3411105275154114
0.3352651596069336
0.3296409845352173
0.31880897283554077
0.31695207953453064
0.3029631972312927
0.29232993721961975
0.27327975630760193
0.28144288063049316
0.2843814492225647
0.25761574506759644
0.25209057331085205
0.2496912181377411
0.24488966166973114
0.23314937949180603
0.25057339668273926
0.2397799789905548
0.22376534342765808
0.22096312046051025
0.22142992913722992
0.21520094573497772
0.20899519324302673
0.21448662877082825
0.21509705483913422
0.1994849145412445
0.19874265789985657
0.1986331343650818
0.19124823808670044
0.19812563061714172
0.18816795945167542
0.18167659640312195
0.1880764216184616
0.1770450323820114
0.1764276921749115
0.17244964838027954
0.18290095031261444
0.18143288791179657
0.17726945877075195
0.1622471809387207
0.17319577932357788
0.17459604144096375
0.16790877282619476
0.16525796055793762
0.16315051913261414
0.19747617840766907
0.14973118901252747
0.1598769724369049
0.1617051213979721
0.15889543294906616
0.15837468206882477
0.1639045774936676
0.19298189878463745
0.14813834428787231
0.1527480036020279
0.14990565180778503
0.15219463407993317
0.14314672350883484
0.1631348580121994
0.18614202737808228
0.14574271440505981
0.14058485627174377
0.147500142455101
0.14385385811328888
0.1642424613237381
0.1504969596862793
0.16861101984977722
0.13925701379776
0.1407485008239746
0.13894468545913696
0.1444326937198639
0.1505531519651413
0.13655537366867065
0.1470801830291748
0.14131668210029602
0.13477718830108643
0.13700072467327118
0.13159926235675812
0.12509135901927948
0.13341863453388214
0.15780605375766754
0.1350574940443039
0.13216769695281982
0.12193502485752106
0.12154723703861237
0.12144919484853745
0.12784573435783386
0.14686380326747894
0.12198664247989655
0.1244485005736351
0.13161128759384155
0.11735182255506516
0.11848533153533936
0.12650033831596375
0.15762394666671753
0.13638180494308472
0.11896403133869171
0.12850046157836914
0.1182887852191925
0.12976545095443726
0.12376251071691513
0.15955814719200134
0.11432087421417236
0.12462566792964935
0.10906586050987244
0.11681962013244629
0.11314862966537476
0.12326279282569885
0.12339647114276886
0.10984721779823303
0.1035107672214508
0.11345478147268295
0.10863697528839111
0.11541299521923065
0.10802838206291199
0.13996727764606476
0.10296641290187836
0.1047581285238266
0.10313185304403305
0.1091085895895958
0.10305821895599365
0.11209432780742645
0.13152426481246948
0.1018839180469513
0.11066974699497223
0.10561494529247284
0.09802700579166412
0.10410274565219879
0.0971245989203453
0.11817300319671631
0.11251194775104523
0.0977272316813469
0.10419318079948425
0.10259341448545456
0.09828761219978333
0.10071203112602234
0.1440792828798294
0.09966861456632614
0.09651410579681396
0.10498395562171936
0.105119489133358
0.09379060566425323
0.09412037581205368
0.151420459151268
0.09388472139835358
0.09812422096729279
0.099190354347229
0.09943298995494843
0.09991021454334259
0.09752251207828522
0.11353987455368042
0.08124341070652008
0.1041925847530365
0.1005592942237854
0.09333425015211105
0.09509888291358948
0.09640346467494965
0.11175964772701263
0.0954238623380661
0.08646714687347412
0.08760138601064682
0.09069696068763733
0.08844082802534103
0.09111245721578598
0.11737667769193649
0.0839558094739914
0.08506821095943451
0.08780992031097412
0.08958426117897034
0.08818241208791733
0.08870384097099304
0.10598093271255493
0.08463981747627258
0.08913924545049667
0.08226628601551056
0.08870737254619598
0.08062911033630371
0.09224989265203476
0.09605348110198975
0.08658655732870102
0.08602287620306015
0.08534907549619675
0.08142255246639252
0.08177264779806137
0.07879844307899475
0.1100720465183258
0.0745510384440422
0.08374816179275513
0.07909321784973145
0.09208975732326508
0.08345445990562439
0.08426253497600555
0.10882656276226044
0.07633072137832642
0.07865035533905029
0.07655306160449982
0.08277812600135803
0.08486303687095642
0.08116760849952698
0.09893976151943207
0.07131233811378479
0.08077380061149597
0.07629906386137009
0.08031364530324936
0.07221300154924393
0.08538435399532318
0.09544870257377625
0.07661458104848862
0.07187121361494064
0.08094336837530136
0.08885589241981506
0.07311588525772095
0.08279543370008469
0.10938449203968048
0.07727011293172836
0.08221776783466339
0.07248008251190186
0.07509162276983261
0.0780678391456604
0.07355107367038727
0.0995822474360466
0.06903921067714691
0.06850968301296234
0.07889581471681595
0.07386499643325806
0.07195089012384415
0.08313275873661041
0.10376319289207458
0.06986276805400848
0.07259666919708252
0.08369039744138718
0.07654516398906708
0.06934791803359985
0.06795889884233475
0.10952784866094589
0.07063908874988556
0.07557696849107742
0.074246346950531
0.07331173121929169
0.07041473686695099
0.06765103340148926
0.12011061608791351
0.06635180860757828
0.07902716845273972
0.07310280948877335
0.07653643190860748
0.07709389179944992
0.06967394053936005
0.08862936496734619
0.06344268471002579
0.06841494143009186
0.06473495811223984
0.07073217630386353
0.06500256061553955
0.06913981586694717
0.09024246782064438
0.06291799247264862
0.0644732266664505
0.06408990174531937
0.06486761569976807
0.07628512382507324
0.06990079581737518
0.09976878762245178
0.0695507824420929
0.06513741612434387
0.06403898447751999
0.06696489453315735
0.06755531579256058
0.06562147289514542
0.1050090417265892
0.06257907301187515
0.0696999579668045
0.07184542715549469
0.06102876365184784
0.06869588792324066
0.07696197926998138
0.08458633720874786
0.05842851847410202
0.061479754745960236
0.07221017777919769
0.06296862661838531
0.0627124160528183
0.06511369347572327
0.09223809093236923
0.06680119037628174
0.06176489219069481
0.06233617663383484
0.06277263164520264
0.06671708077192307
0.06079833209514618
0.09517430514097214
0.07006290555000305
0.07361964136362076
0.06821739673614502
0.06871812045574188
0.06258532404899597
0.06321875751018524
0.08045255392789841
0.0638623908162117
0.057603370398283005
0.06036801263689995
0.0646960437297821
0.06532847881317139
0.06846785545349121
0.08037497848272324
0.057524487376213074
0.05803694948554039
0.06046414002776146
0.06727064400911331
0.06108376383781433
0.05926669389009476
0.0803198516368866
0.05566343292593956
0.06749318540096283
0.06266498565673828
0.06072307378053665
0.060067951679229736
0.060144051909446716
0.08879293501377106
0.05672985315322876
0.07179635018110275
0.06766349077224731
0.05867951363325119
0.06044207140803337
0.060153570026159286
0.09764011949300766
0.054621290415525436
0.0650114193558693
0.057412039488554
0.059459056705236435
0.062462951987981796
0.061106376349925995
0.09629856795072556
0.05933433398604393
0.06805423647165298
0.06089651212096214
0.05539531260728836
0.05722382664680481
0.05760769173502922
0.06630166620016098
0.05552782863378525
0.05225762724876404
0.05911537632346153
0.055647850036621094
0.05853164196014404
0.053842559456825256
0.07605234533548355
0.05636214464902878
0.05707010626792908
0.061125170439481735
0.0544293187558651
0.054107822477817535
0.05412168800830841
0.08033239096403122
0.05355697125196457
0.05992777273058891
0.05398907512426376
0.057361118495464325
0.05301658436655998
0.0615689717233181
0.06657636165618896
0.058350708335638046
0.0594245009124279
0.05832327529788017
0.053206559270620346
0.05187371373176575
0.05803614854812622
0.06968159228563309
0.052288718521595
0.05091031640768051
0.0562647245824337
0.05678083747625351
0.06213068217039108
0.054932788014411926
0.08615782856941223
0.05744330585002899
0.052587028592824936
0.05497941002249718
0.05230846256017685
0.05366520583629608
0.0565771609544754
0.08179144561290741
0.05810981243848801
0.05875978618860245
0.0562136135995388
0.05490168184041977
0.053505346179008484
0.05329606682062149
0.08722692728042603
0.05280185490846634
0.05964916571974754
0.05218642204999924
0.056491315364837646
0.05096932873129845
0.053910039365291595
0.06384523212909698
0.054007139056921005
0.053637221455574036
0.05356407165527344
0.052171751856803894
0.054794859141111374
0.05215510353446007
0.08877312391996384
0.051826491951942444
0.061681509017944336
0.051630716770887375
0.06820665299892426
0.05712531507015228
0.051591165363788605
0.07122063636779785
0.052512772381305695
0.053362712264060974
0.05019649863243103
0.051384538412094116
0.04966866970062256
0.049221958965063095
0.06871987879276276
0.05163826048374176
0.05351288616657257
0.05254901200532913
0.055919088423252106
0.04896044358611107
0.048779092729091644
0.07994827628135681
0.051069896668195724
0.04872969910502434
0.05126497894525528
0.05129273980855942
0.051138125360012054
0.049275629222393036
0.08584654331207275
0.05185291916131973
0.05134757608175278
0.0509457066655159
0.05186740681529045
0.05541713535785675
0.05057978257536888
0.06902866810560226
0.048841264098882675
0.0566285066306591
0.04884342476725578
0.05006944760680199
0.0566411018371582
0.04618266224861145
0.069565549492836
0.0464230477809906
0.04792611300945282
0.04929230734705925
0.04594055563211441
0.05086645111441612
0.050629109144210815
0.07040968537330627
0.04744245111942291
0.04787328094244003
0.05002699792385101
0.04613356292247772
0.04780643805861473
0.05061187595129013
0.05718689784407616
0.04749854654073715
0.05016644299030304
0.04582101106643677
0.049037061631679535
0.049893610179424286
0.058030687272548676
0.07452002167701721
0.05034282058477402
0.047674864530563354
0.048604633659124374
0.048331718891859055
0.0474197193980217
0.04415780305862427
0.08350317180156708
0.04704814776778221
0.048430435359478
0.044368207454681396
0.04480326175689697
0.05654263496398926
0.0455983430147171
0.09612708538770676
0.049005672335624695
0.05037708580493927
0.04730942100286484
0.045641954988241196
0.04990021511912346
0.05726088583469391
0.0759667232632637
0.04823561757802963
0.04240892082452774
0.051911767572164536
0.04476146399974823
0.05205230042338371
0.05056954547762871
0.07394605875015259
0.058832790702581406
0.048357732594013214
0.05766020715236664
0.04880278557538986
0.0489717572927475
0.05237450823187828
0.06326429545879364
0.04878748208284378
0.04436106979846954
0.04803277179598808
0.05328569933772087
0.05310841649770737
0.04574456438422203
0.06897842884063721
0.044254012405872345
0.05279874801635742
0.04415635019540787
0.04542022943496704
0.05009447783231735
0.04395707696676254
0.06696903705596924
0.0467500202357769
0.045929379761219025
0.04891078919172287
0.04599461704492569
0.04886792600154877
0.04772534966468811
0.06114766001701355
0.040899284183979034
0.04547640308737755
0.04472827538847923
0.046942126005887985
0.05728442221879959
0.04582033306360245
0.06611859053373337
0.045321039855480194
0.048071470111608505
0.04279686138033867
0.04550217092037201
0.043886423110961914
0.046062447130680084
0.08393000811338425
0.04734025150537491
0.047014303505420685
0.04987700283527374
0.043207891285419464
0.04722992330789566
0.04203988239169121
0.05905086547136307
0.043989147990942
0.052384816110134125
0.04213126748800278
0.04492488503456116
0.04449862241744995
0.04294867441058159
0.07573241740465164
0.0389498732984066
0.047515928745269775
0.04440198838710785
0.04556572064757347
0.04736904799938202
0.049740370362997055
0.07294552028179169
0.04885596036911011
0.047250669449567795
0.043066926300525665
0.04350394010543823
0.052243977785110474
0.044121190905570984
0.0639433041214943
0.04127940908074379
0.043323785066604614
0.04828435182571411
0.03898158669471741
0.04084382951259613
0.043685346841812134
0.07485409826040268
0.046112965792417526
0.04564712941646576
0.042327966541051865
0.040130987763404846
0.04671761021018028
0.04243426024913788
0.09556709229946136
0.04454126954078674
0.04766816645860672
0.04439149051904678
0.0473063699901104
0.051438089460134506
0.05010746046900749
0.06120260804891586
0.03997156023979187
0.044145744293928146
0.042004428803920746
0.04231797903776169
0.04569151625037193
0.0434565469622612
0.07819190621376038
0.044392332434654236
0.04984671622514725
0.0486963652074337
0.04492209106683731
0.04770220071077347
0.044513680040836334
0.07221312820911407
0.04794568568468094
0.04822228476405144
0.044287919998168945
0.045413073152303696
0.04933682084083557
0.04001849144697189
0.07013752311468124
0.037723466753959656
0.044806405901908875
0.0450032576918602
0.041811294853687286
0.0405186265707016
0.04096421226859093
0.06517351418733597
0.0427582673728466
0.039259396493434906
0.04724724218249321
0.04814069718122482
0.04122795909643173
0.04148353636264801
0.11561937630176544
0.04424753040075302
0.047452475875616074
0.046768806874752045
0.04236495494842529
0.04267091304063797
0.04097505658864975
0.0753786563873291
0.04308772087097168
0.04289880394935608
0.04478169232606888
0.043477293103933334
0.04425781965255737
0.042881499975919724
0.056428104639053345
0.03873030096292496
0.043595537543296814
0.048731595277786255
0.0432894229888916
0.042563822120428085
0.04516754671931267
0.09133841097354889
0.03908751532435417
0.04008462280035019
0.04658189043402672
0.04287637025117874
0.052069298923015594
0.04437375068664551
0.0684492439031601
0.03762862831354141
0.046686988323926926
0.04399396479129791
0.04346463084220886
0.042677830904722214
0.03999536111950874
0.07561974227428436
0.04189541935920715
0.04300188273191452
0.04303159564733505
0.04057440906763077
0.04436914622783661
0.04522513598203659
0.06261026114225388
0.03910350427031517
0.041252557188272476
0.04072076827287674
0.043036460876464844
0.03987163305282593
0.044325090944767
0.05822513625025749
0.037077441811561584
0.037104032933712006
0.04468894004821777
0.039856139570474625
0.03790854662656784
0.04200247675180435
0.07455824315547943
0.04000004380941391
0.03686068207025528
0.03827892243862152
0.04432104155421257
0.04308969900012016
0.03965912014245987
0.05199357122182846
0.03840741515159607
0.04304632544517517
0.03651951625943184
0.04256109520792961
0.043544523417949677
0.040051549673080444
0.08491699397563934
0.03899222984910011
0.03739064186811447
0.038717206567525864
0.0435534231364727
0.03927074372768402
0.03813261538743973
0.05342818796634674
0.05252860113978386
0.03847997263073921
0.044476769864559174
0.04227196425199509
0.035264454782009125
0.039851151406764984
0.05610288307070732
0.03623924031853676
0.035334013402462006
0.041114047169685364
0.04539237916469574
0.035937100648880005
0.0428750142455101
0.05698162317276001
0.03666979819536209
0.037994399666786194
0.0411054864525795
0.04027701914310455
0.03902997821569443
0.039091773331165314
0.05065393075346947
0.03714354336261749
0.03946935012936592
0.036068521440029144
0.036448512226343155
0.04003340005874634
0.037301432341337204
0.06095278263092041
0.03573435917496681
0.04076255112886429
0.039677515625953674
0.042089544236660004
0.041699960827827454
0.03737638145685196
0.06192278489470482
0.040452271699905396
0.0400533601641655
0.04149121418595314
0.03873322159051895
0.037138622254133224
0.03781257942318916
0.08037343621253967
0.03683430701494217
0.03876280039548874
0.03704801946878433
0.0429275743663311
0.03864366188645363
0.03933544084429741
0.06426068395376205
0.03554216027259827
0.04181794822216034
0.039864182472229004
0.04070859029889107
0.042738091200590134
0.03826447203755379
0.05793411284685135
0.034867413341999054
0.039242327213287354
0.03956674411892891
0.03505437821149826
0.03925834968686104
0.043549276888370514
0.05184801667928696
0.0341503731906414
0.03635307401418686
0.03617614507675171
0.03493501618504524
0.042530469596385956
0.03835376352071762
0.07208113372325897
0.04622868821024895
0.038797490298748016
0.03691404312849045
0.0397643968462944
0.03765290603041649
0.03979404643177986
0.05548933893442154
0.04018796235322952
0.03803696483373642
0.03771929815411568
0.03575937822461128
0.040884830057621
0.038581132888793945
0.06154790148139
0.041432932019233704
0.03641459345817566
0.039288438856601715
0.03529445827007294
0.037453968077898026
0.03468293324112892
0.076897531747818
0.03289144113659859
0.037952128797769547
0.04535220190882683
0.04034627228975296
0.036053385585546494
0.038989998400211334
0.04438334330916405
0.03791345655918121
0.037351131439208984
0.038398467004299164
0.037418611347675323
0.03593149781227112
0.035760343074798584
0.05485021695494652
0.03487316519021988
0.04498758167028427
0.03934023901820183
0.038918767124414444
0.0361018031835556
0.033867523074150085
0.06145070120692253
0.03891182690858841
0.03654526174068451
0.04009565711021423
0.035457368940114975
0.04382505640387535
0.03834068030118942
0.055055610835552216
0.033253781497478485
0.03624336048960686
0.032646507024765015
0.0423867329955101
0.0379486158490181
0.0380241721868515
0.05627703294157982
0.03726334124803543
0.040810003876686096
0.03659934550523758
0.03432081267237663
0.03386982902884483
0.032168202102184296
0.0605902224779129
0.03392645716667175
0.03777574747800827
0.036265451461076736
0.030657237395644188
0.03231895714998245
0.03621407598257065
0.053278326988220215
0.03183027356863022
0.0337275005877018
0.036297231912612915
0.03418984264135361
0.04107116907835007
0.03374870494008064
0.05846010893583298
0.032519809901714325
0.04305640980601311
0.03703288361430168
0.034160271286964417
0.035330306738615036
0.03607085347175598
0.0630866140127182
0.03988328576087952
0.03272359073162079
0.03849601745605469
0.0331667922437191
0.03506479784846306
0.03289823606610298
0.0638427734375
0.031020238995552063
0.03805101662874222
0.035079024732112885
0.032161157578229904
0.034802861511707306
0.03629353642463684
0.05141245573759079
0.03514450043439865
0.03633008152246475
0.03677108511328697
0.030404217541217804
0.03719744831323624
0.035494159907102585
0.061123304069042206
0.03569919615983963
0.043814804404973984
0.04362047463655472
0.036071810871362686
0.034745436161756516
0.034692682325839996
0.04748676344752312
0.038564085960388184
0.0361018106341362
0.03517044708132744
0.03604209050536156
0.03403931111097336
0.035881731659173965
0.07025893032550812
0.034217797219753265
0.03696499019861221
0.03627508506178856
0.03543584793806076
0.0344119518995285
0.03676863759756088
0.06519409269094467
0.035426557064056396
0.03827166184782982
0.03623007610440254
0.03816439211368561
0.03415170684456825
0.03541596606373787
0.057882294058799744
0.05266829580068588
0.038227103650569916
0.04158705845475197
0.03390464186668396
0.042446982115507126
0.0337865985929966
0.049915965646505356
0.03516477346420288
0.03378375992178917
0.036959145218133926
0.037204910069704056
0.03760378807783127
0.03550601750612259
0.048935677856206894
0.031527191400527954
0.037600159645080566
0.03579210489988327
0.0344071164727211
0.035367920994758606
0.032131798565387726
0.049556925892829895
0.030917128548026085
0.034875743091106415
0.036469876766204834
0.036950696259737015
0.035018473863601685
0.03374067693948746
0.05003122240304947
0.030608108267188072
0.03455004468560219
0.03955402970314026
0.03269999846816063
0.03497828543186188
0.03223203867673874
0.050256967544555664
0.035492926836013794
0.0317823626101017
0.03277024254202843
0.03617110103368759
0.036810606718063354
0.036028195172548294
0.05399101600050926
0.034285299479961395
0.03376226872205734
0.03397909551858902
0.04034479707479477
0.03732284903526306
0.041067808866500854
0.04510101303458214
0.03212552145123482
0.03858190029859543
0.034092169255018234
0.03364454582333565
0.034398965537548065
0.03293660655617714
0.05523744225502014
0.04179895669221878
0.04646185785531998
0.0342705175280571
0.03406331688165665
0.031266383826732635
0.033087462186813354
0.04526160657405853
0.03292158246040344
0.03877630829811096
0.03244270384311676
0.03410590440034866
0.03257367014884949
0.03360823169350624
0.05857434123754501
0.03564010187983513
0.03311333805322647
0.033959947526454926
0.03444872796535492
0.036395296454429626
0.035024985671043396
0.058618586510419846
0.03330535441637039
0.036340221762657166
0.03458350896835327
0.03635064512491226
0.0349639430642128
0.033856432884931564
0.05951637774705887
0.031216517090797424
0.03673360496759415
0.030998796224594116
0.03804861754179001
0.040014900267124176
0.034778859466314316
0.04479126259684563
0.034416839480400085
0.0292922705411911
0.031981125473976135
0.034164056181907654
0.033819764852523804
0.032376088201999664
0.05229232460260391
0.030984696000814438
0.032455381006002426
0.035016726702451706
0.03513570502400398
0.03187989816069603
0.03224421292543411
0.05039164051413536
0.03374384343624115
0.0358818955719471
0.03282194584608078
0.03275669366121292
0.03618726134300232
0.03567462041974068
0.05413818359375
0.02930070273578167
0.032486241310834885
0.032083556056022644
0.034404270350933075
0.03619518131017685
0.03709433600306511
0.0590965561568737
0.0314776748418808
0.03483545780181885
0.03523484990000725
0.033615611493587494
0.035525351762771606
0.033450931310653687
0.04943927749991417
0.03120269440114498
0.03552303463220596
0.03351377695798874
0.03315535932779312
0.032878484576940536
0.03716908395290375
0.04117962718009949
0.03752272203564644
0.030529705807566643
0.03497403860092163
0.03348977491259575
0.03042849712073803
0.0336395800113678
0.051185768097639084
0.030984438955783844
0.03269343078136444
0.038278236985206604
0.03135436028242111
0.032078199088573456
0.02958180569112301
0.044939711689949036
0.034280262887477875
0.02985222265124321
0.03203338012099266
0.031173963099718094
0.03359074518084526
0.03176148608326912
0.054513853043317795
0.031098661944270134
0.033311448991298676
0.03179677203297615
0.03201882168650627
0.04046837240457535
0.0346720851957798
0.07118161022663116
0.0304326843470335
0.0373518168926239
0.041464854031801224
0.03093639761209488
0.034241244196891785
0.0319000743329525
0.05541111156344414
0.03700082004070282
0.03216450288891792
0.02931194379925728
0.031526751816272736
0.03211639076471329
0.034453533589839935
0.06140008196234703
0.035036079585552216
0.03615322336554527
0.03380671143531799
0.036371733993291855
0.036140140146017075
0.03297806158661842
0.04497644305229187
0.030960585922002792
0.02954532578587532
0.03065827488899231
0.03556439280509949
0.03348372504115105
0.03270309045910835
0.03717478737235069
0.031163550913333893
0.033701639622449875
0.031015578657388687
0.03096548095345497
0.029583750292658806
0.032302580773830414
0.0652540922164917
0.03303772956132889
0.03415881097316742
0.030645553022623062
0.03697454556822777
0.03151226043701172
0.03233082592487335
0.04992822930216789
0.03551589697599411
0.03419167548418045
0.035286933183670044
0.03238312527537346
0.03603178635239601
0.03501089662313461
0.05548667162656784
0.035501882433891296
0.03354981541633606
0.030924318358302116
0.03667539358139038
0.03068801574409008
0.030356181785464287
0.05724583566188812
0.03125634789466858
0.032430436462163925
0.034077707678079605
0.031559012830257416
0.03526502102613449
0.03188491612672806
0.04835059493780136
0.02813202515244484
0.031484391540288925
0.03246741741895676
0.03553326427936554
0.03589307516813278
0.0300106443464756
0.04746413975954056
0.036714497953653336
0.03210986778140068
0.033975474536418915
0.03033752366900444
0.03274444863200188
0.03219924494624138
0.047140225768089294
0.03242127597332001
0.034513406455516815
0.03451983630657196
0.030422141775488853
0.030040619894862175
0.03505979850888252
0.05232667922973633
0.0334739163517952
0.03447335213422775
0.03143399953842163
0.03179740905761719
0.03221661597490311
0.03201410174369812
0.05323899909853935
0.030142243951559067
0.03447072207927704
0.03511061519384384
0.03507883846759796
0.030087482184171677
0.029897671192884445
0.06477822363376617
0.028643924742937088
0.0329245924949646
0.03189853951334953
0.035352468490600586
0.029784228652715683
0.03421288728713989
0.04832334816455841
0.03129173070192337
0.02940170094370842
0.033665843307971954
0.03020644560456276
0.03592931106686592
0.032762546092271805
0.0669173002243042
0.034525658935308456
0.03469400107860565
0.03158693015575409
0.03491857275366783
0.02987564168870449
0.029346702620387077
0.060718461871147156
0.032600704580545425
0.03213527426123619
0.03020300529897213
0.031138664111495018
0.031246846541762352
0.02684938907623291
0.04495324194431305
0.030763786286115646
0.02926737815141678
0.029839586466550827
0.030424918979406357
0.029465993866324425
0.034616619348526
0.040992364287376404
0.027400759980082512
0.02993576042354107
0.029135677963495255
0.031056156381964684
0.028013331815600395
0.029360946267843246
0.0430775061249733
0.030599696561694145
0.03153630346059799
0.031196344643831253
0.033443331718444824
0.030853483825922012
0.027920089662075043
0.04710566624999046
0.031822703778743744
0.03109854832291603
0.03089509904384613
0.030906833708286285
0.03001602739095688
0.029469262808561325
0.04210525006055832
0.026931189000606537
0.0293697789311409
0.028646402060985565
0.029402904212474823
0.033697016537189484
0.029507821425795555
0.0479222796857357
0.031949903815984726
0.03454826772212982
0.029130904003977776
0.031436484307050705
0.02940284088253975
0.029432781040668488
0.05025065690279007
0.03250259906053543
0.03140660375356674
0.030574645847082138
0.03504888340830803
0.03386799991130829
0.029613284394145012
0.047726597636938095
0.034048549830913544
0.03399243205785751
0.030436988919973373
0.03137090802192688
0.027683211490511894
0.034124210476875305
0.044220052659511566
0.03104279935359955
0.036040082573890686
0.032646458595991135
0.03307405114173889
0.02855079621076584
0.03010561130940914
0.046534888446331024
0.030567117035388947
0.03161521255970001
0.028458241373300552
0.029951076954603195
0.033213283866643906
0.029221391305327415
0.04553450644016266
0.03000437468290329
0.03220018744468689
0.03031853586435318
0.03080243431031704
0.03152675926685333
0.029566025361418724
0.0531671941280365
0.0321289524435997
0.03410063683986664
0.03376201167702675
0.03061576560139656
0.029154904186725616
0.028314679861068726
0.04766739904880524
0.03021985851228237
0.029920583590865135
0.03183098882436752
0.032939448952674866
0.035820748656988144
0.03222254663705826
0.0580923855304718
0.029859043657779694
0.03126411512494087
0.033003173768520355
0.02874979004263878
0.03244996443390846
0.028092026710510254
0.037960272282361984
0.030004722997546196
0.03169375658035278
0.03302464634180069
0.031219003722071648
0.02858051285147667
0.03276566416025162
0.04323910176753998
0.028682474046945572
0.032686762511730194
0.029454654082655907
0.031575191766023636
0.03419516980648041
0.02908739075064659
0.07731371372938156
0.03378726541996002
0.03412709757685661
0.03612670674920082
0.03400546684861183
0.029400859028100967
0.03147851303219795
0.04944022744894028
0.025881677865982056
0.03264780342578888
0.031167184934020042
0.028293302282691002
0.029637767001986504
0.03405782952904701
0.040662337094545364
0.026511717587709427
0.03054249845445156
0.029749376699328423
0.03181731700897217
0.03719039633870125
0.028430800884962082
0.0526113286614418
0.03489155322313309
0.038538817316293716
0.029509197920560837
0.03212008625268936
0.02914534881711006
0.02826017700135708
0.045586735010147095
0.029937006533145905
0.03087124601006508
0.028772886842489243
0.030974065884947777
0.030304288491606712
0.028718695044517517
0.06992720067501068
0.029209470376372337
0.030541567131876945
0.027494844049215317
0.031121283769607544
0.032725632190704346
0.027604449540376663
0.08200830966234207
0.03354185074567795
0.032435640692710876
0.030072111636400223
0.02864871732890606
0.029231641441583633
0.03120413050055504
0.0650065690279007
0.03251728415489197
0.03454158455133438
0.03427605330944061
0.028472017496824265
0.03298354893922806
0.028256352990865707
0.04434853047132492
0.026931945234537125
0.02957828715443611
0.03058420866727829
0.03377097100019455
0.03235316276550293
0.029159722849726677
0.0452703982591629
0.03442441299557686
0.03220754116773605
0.028542950749397278
0.028538037091493607
0.030171891674399376
0.02845035307109356
0.05615038797259331
0.03742879629135132
0.028915582224726677
0.03272559866309166
0.03136993944644928
0.03307972475886345
0.029462439939379692
0.055094048380851746
0.029028594493865967
0.028870034962892532
0.03318426012992859
0.03869199752807617
0.03198757767677307
0.029961872845888138
0.041504621505737305
0.032888319343328476
0.03262576460838318
0.031215589493513107
0.028508385643363
0.028397832065820694
0.03069070726633072
0.06976845860481262
0.027561046183109283
0.031177908182144165
0.03076544962823391
0.03206714242696762
0.03232429176568985
0.029754426330327988
0.058734290301799774
0.03350876644253731
0.02905867248773575
0.029719052836298943
0.030710425227880478
0.030710576102137566
0.029432183131575584
0.05085224658250809
0.029189251363277435
0.03237553685903549
0.03210477903485298
0.029801569879055023
0.027937863022089005
0.028923042118549347
0.05039668083190918
0.030290832743048668
0.028765808790922165
0.029733315110206604
0.029061488807201385
0.027982300147414207
0.031466081738471985
0.04525249823927879
0.0304524227976799
0.027731407433748245
0.030768241733312607
0.029384005814790726
0.027634382247924805
0.028784936293959618
0.04503461718559265
0.02794891968369484
0.029301319271326065
0.030370531603693962
0.02871440164744854
0.0297720804810524
0.031111953780055046
0.04150259494781494
0.03409958258271217
0.032895658165216446
0.029022343456745148
0.027478810399770737
0.0307567548006773
0.027663780376315117
0.04765470325946808
0.02826358750462532
0.030064789578318596
0.03245928883552551
0.03223802521824837
0.02887062542140484
0.02888915315270424
0.06629104912281036
0.0303565114736557
0.031437456607818604
0.03292425721883774
0.03262314200401306
0.029360700398683548
0.030398648232221603
0.04677019640803337
0.027581125497817993
0.028443187475204468
0.030021965503692627
0.028463443741202354
0.03214551508426666
0.027123916894197464
0.04641468822956085
0.027140622958540916
0.03231657296419144
0.027523711323738098
0.027908481657505035
0.025765886530280113
0.03363029286265373
0.06522771716117859
0.02944273315370083
0.03969739377498627
0.02950306050479412
0.03405924141407013
0.031887635588645935
0.03217868506908417
0.04116436094045639
0.031453896313905716
0.028167519718408585
0.03161553293466568
0.028267381712794304
0.0286759864538908
0.031167887151241302
0.0475839339196682
0.02596583217382431
0.028914209455251694
0.0303078331053257
0.02766561135649681
0.030529994517564774
0.03464227169752121
0.04731292650103569
0.02744923159480095
0.02852616272866726
0.02976176142692566
0.03173151612281799
0.028108857572078705
0.028024984523653984
0.04811112582683563
0.03137553483247757
0.03115028887987137
0.034029100090265274
0.03399099409580231
0.030154235661029816
0.03511799871921539
0.048544298857450485
0.029407253488898277
0.028910990804433823
0.029815789312124252
0.02840929478406906
0.029605377465486526
0.029474791139364243
0.049881380051374435
0.02736511453986168
0.03330088406801224
0.028649020940065384
0.02813134714961052
0.02615424245595932
0.03098328411579132
0.04555358737707138
0.025793522596359253
0.031041815876960754
0.027314921841025352
0.025094246491789818
0.03050457499921322
0.03128720819950104
0.04516203701496124
0.0284125879406929
0.02806571125984192
0.02750254049897194
0.030005527660250664
0.031954966485500336
0.033755648881196976
0.04483082517981529
0.026301821693778038
0.029087822884321213
0.027547357603907585
0.028930306434631348
0.027508240193128586
0.031140295788645744
0.04980432987213135
0.03063589334487915
0.029057879000902176
0.026263399049639702
0.02736067585647106
0.030897077172994614
0.027670321986079216
0.04230084642767906
0.03086051344871521
0.02585989236831665
0.026563679799437523
0.029607649892568588
0.028535638004541397
0.029732471331954002
0.04616284370422363
0.02719077840447426
0.029231971129775047
0.029076717793941498
0.026413727551698685
0.028427956625819206
0.026996081694960594
0.04300720617175102
0.02835330180823803
0.027949988842010498
0.030964231118559837
0.025287874042987823
0.031789619475603104
0.02650933340191841
0.04534795135259628
0.02699783816933632
0.030603032559156418
0.032723963260650635
0.02730918675661087
0.027124479413032532
0.026945680379867554
0.04416518658399582
0.03634556382894516
0.030379943549633026
0.027814101427793503
0.026986412703990936
0.027076896280050278
0.02840670943260193
0.04571549594402313
0.029076259583234787
0.027807628735899925
0.030609644949436188
0.02644377201795578
0.028139885514974594
0.031183239072561264
0.06507676094770432
0.027403507381677628
0.027252867817878723
0.03184802457690239
0.03082803636789322
0.02848992869257927
0.028779052197933197
0.05330308899283409
0.026742950081825256
0.02788630500435829
0.029297053813934326
0.030236899852752686
0.0279841385781765
0.026957541704177856
0.051357340067625046
0.029370814561843872
0.030965745449066162
0.030500460416078568
0.02850235253572464
0.028941204771399498
0.02715800702571869
0.04840855300426483
0.029958732426166534
0.026728596538305283
0.026606064289808273
0.02650255523622036
0.031433094292879105
0.031426943838596344
0.05231311917304993
0.02731163613498211
0.030673732981085777
0.03149000182747841
0.027194662019610405
0.027152350172400475
0.030942536890506744
0.04714832827448845
0.027580533176660538
0.02535190060734749
0.02489035576581955
0.028285056352615356
0.03538057953119278
0.026750614866614342
0.0535384938120842
0.028005998581647873
0.033260997384786606
0.028680022805929184
0.02891393005847931
0.027712956070899963
0.03065626695752144
0.045098256319761276
0.02845994010567665
0.028842054307460785
0.029179800301790237
0.0303207840770483
0.027557766065001488
0.027082271873950958
0.055413004010915756
0.02967134863138199
0.029178021475672722
0.027260255068540573
0.027011822909116745
0.02803817391395569
0.02752884477376938
0.04851463437080383
0.028438568115234375
0.029858259484171867
0.027643976733088493
0.02729184739291668
0.027859974652528763
0.03187018260359764
0.05748054385185242
0.033658467233181
0.029229693114757538
0.03513823449611664
0.02969776652753353
0.02731618843972683
0.025559907779097557
0.036440685391426086
0.02706071361899376
0.026981733739376068
0.028896478936076164
0.02728349342942238
0.029584400355815887
0.025082852691411972
0.04358614236116409
0.025760844349861145
0.028256598860025406
0.024546010419726372
0.026764487847685814
0.03484032303094864
0.026683978736400604
0.05594826489686966
0.028076497837901115
0.0320223793387413
0.029758771881461143
0.03179878368973732
0.02912302128970623
0.025301670655608177
0.05307057499885559
0.02581738494336605
0.03066498413681984
0.02882746420800686
0.0295199453830719
0.025119571015238762
0.02946324646472931
0.04897727817296982
0.02766191028058529
0.02749854326248169
0.024702269583940506
0.028668057173490524
0.03019982948899269
0.025417177006602287
0.042545974254608154
0.026966242119669914
0.028108064085245132
0.029098331928253174
0.03467579185962677
0.030273858457803726
0.03303985670208931
0.05674314498901367
0.026862505823373795
0.02946850284934044
0.026597149670124054
0.03191600367426872
0.025863859802484512
0.027398381382226944
0.06182099133729935
0.028799613937735558
0.029440701007843018
0.02982286363840103
0.027193449437618256
0.027989555150270462
0.03491377457976341
0.044698458164930344
0.03083823248744011
0.027898451313376427
0.029846947640180588
0.0328647680580616
0.030115356668829918
0.02891702763736248
0.04664113372564316
0.02725089155137539
0.028311457484960556
0.02650761418044567
0.026964737102389336
0.028593789786100388
0.025726590305566788
0.04778146743774414
0.026608198881149292
0.027172286063432693
0.03030977211892605
0.029113929718732834
0.02713700197637081
0.026164721697568893
0.045142799615859985
0.02843446657061577
0.029682647436857224
0.02851589024066925
0.028527438640594482
0.02609383314847946
0.024866756051778793
0.04381534084677696
0.032493919134140015
0.02684386633336544
0.026430709287524223
0.02888399362564087
0.024490468204021454
0.02752772532403469
0.040143467485904694
0.025770602747797966
0.027076981961727142
0.027001334354281425
0.02728470414876938
0.023999139666557312
0.025201961398124695
0.05216272920370102
0.024689700454473495
0.030077284201979637
0.028436345979571342
0.02602856233716011
0.027160055935382843
0.027065133675932884
0.06062501668930054
0.028063610196113586
0.03023066371679306
0.027897223830223083
0.02812083624303341
0.02793608233332634
0.03327813744544983
0.04929859936237335
0.02899341657757759
0.026633672416210175
0.02622329071164131
0.026486214250326157
0.029253294691443443
0.028773106634616852
0.051167137920856476
0.02597246877849102
0.029161319136619568
0.02817831188440323
0.02859940193593502
0.02676575630903244
0.02597452700138092
0.044584404677152634
0.02712169662117958
0.03050587885081768
0.02796367183327675
0.024804603308439255
0.024757038801908493
0.026608027517795563
0.046430811285972595
0.02677810564637184
0.033444326370954514
0.029114633798599243
0.032435085624456406
0.026305120438337326
0.027154622599482536
0.036604419350624084
0.02581380307674408
0.024541452527046204
0.028209438547492027
0.02787654660642147
0.028602581471204758
0.028255147859454155
0.05689334496855736
0.030184227973222733
0.028178978711366653
0.02864980325102806
0.027721432968974113
0.02645079791545868
0.02872837707400322
0.041876401752233505
0.02506209909915924
0.0250429417937994
0.027368932962417603
0.027407145127654076
0.02868347428739071
0.02761894091963768
0.045324187725782394
0.027176372706890106
0.027646657079458237
0.027797896414995193
0.030712231993675232
0.024304699152708054
0.03261107951402664
0.04032629355788231
0.031509965658187866
0.026038173586130142
0.02683241292834282
0.02769787237048149
0.027327463030815125
0.025643667206168175
0.05872637778520584
0.02745376154780388
0.026824740692973137
0.029613539576530457
0.030444685369729996
0.025606324896216393
0.028266195207834244
0.04740699380636215
0.025703150779008865
0.030049940571188927
0.031213639304041862
0.02972228080034256
0.027402300387620926
0.027964871376752853
0.04087240993976593
0.027728069573640823
0.026607804000377655
0.030673764646053314
0.023840850219130516
0.027775075286626816
0.02846943959593773
0.04764013737440109
0.02794504724442959
0.026633067056536674
0.024971842765808105
0.02500085160136223
0.023881763219833374
0.030768558382987976
0.03812844306230545
0.03002823144197464
0.027507908642292023
0.03370985761284828
0.025603175163269043
0.02497067302465439
0.024263432249426842
0.08561902493238449
0.02900143526494503
0.029948033392429352
0.028957538306713104
0.027037782594561577
0.0281374529004097
0.02869044989347458
0.05734994634985924
0.027916904538869858
0.030211089178919792
0.02840367518365383
0.02675754204392433
0.027878090739250183
0.028221970424056053
0.04589315503835678
0.0270082950592041
0.03232404962182045
0.028916243463754654
0.027316268533468246
0.02504204772412777
0.02505621314048767
0.042261503636837006
0.03398668393492699
0.025338638573884964
0.030112620443105698
0.026436302810907364
0.02455211989581585
0.028085000813007355
0.033200185745954514
0.02768787555396557
0.027078185230493546
0.028680628165602684
0.027079008519649506
0.028185062110424042
0.0246925987303257
0.034806378185749054
0.029548851773142815
0.026236308738589287
0.023438692092895508
0.02749740704894066
0.026506975293159485
0.026669776067137718
0.04415033385157585
0.02422526478767395
0.026708070188760757
0.025521885603666306
0.025638777762651443
0.030025366693735123
0.024851195514202118
0.040416598320007324
0.02423623763024807
0.031407974660396576
0.025886094197630882
0.02673199027776718
0.02719195745885372
0.024307861924171448
0.03974737972021103
0.028137262910604477
0.027441291138529778
0.025562923401594162
0.02536027692258358
0.028408445417881012
0.027936233207583427
0.07852773368358612
0.02505118027329445
0.027696406468749046
0.03100772015750408
0.030388236045837402
0.028599178418517113
0.026178382337093353
0.05156142637133598
0.03002382442355156
0.026597648859024048
0.02741985395550728
0.028655439615249634
0.027139408513903618
0.027311598882079124
0.035404909402132034
0.027563992887735367
0.024051403626799583
0.02600567601621151
0.03064807318150997
0.02808537892997265
0.025408169254660606
0.044788774102926254
0.027300257235765457
0.025684945285320282
0.027391403913497925
0.027884531766176224
0.027402661740779877
0.024546919390559196
0.05162025988101959
0.02896486036479473
0.03321469947695732
0.026898138225078583
0.027285663411021233
0.02656744047999382
0.027026556432247162
0.04794517159461975
0.025142576545476913
0.02579653263092041
0.024754352867603302
0.026455877348780632
0.024740848690271378
0.024119120091199875
0.05150725692510605
0.028407927602529526
0.026081150397658348
0.027317523956298828
0.026662705466151237
0.0257478728890419
0.024139944463968277
0.05273059755563736
0.02887050434947014
0.024674955755472183
0.029240785166621208
0.02643449418246746
0.02641972154378891
0.026468491181731224
0.03904759883880615
0.030599912628531456
0.02336624264717102
0.02579319290816784
0.028943505138158798
0.026120182126760483
0.024743642657995224
0.04191228747367859
0.028231536969542503
0.02989373169839382
0.027966037392616272
0.023096149787306786
0.025899797677993774
0.02482461929321289
0.03793079033493996
0.02382802776992321
0.02484709583222866
0.025151003152132034
0.026766501367092133
0.024364657700061798
0.025615062564611435
0.03729920834302902
0.023425091058015823
0.025251921266317368
0.0262395441532135
0.025507062673568726
0.02464956045150757
0.030543919652700424
0.032880377024412155
0.024847574532032013
0.026127297431230545
0.02536027878522873
0.029925068840384483
0.027832133695483208
0.02700941264629364
0.039737768471241
0.0262124165892601
0.028036555275321007
0.025625307112932205
0.025944311171770096
0.025295354425907135
0.02656691148877144
0.03974611312150955
0.024749085307121277
0.028439965099096298
0.03161596134305
0.028385739773511887
0.02401624619960785
0.02622879110276699
0.03504417836666107
0.02548152022063732
0.025750767439603806
0.026534831151366234
0.03081698715686798
0.022595133632421494
0.025205295532941818
0.05337868258357048
0.029520085081458092
0.028029441833496094
0.02507038787007332
0.024838469922542572
0.026606013998389244
0.02648261748254299
0.053626611828804016
0.028552774339914322
0.026976151391863823
0.025682222098112106
0.02424929291009903
0.02444877102971077
0.02624424546957016
0.03807373344898224
0.02525203675031662
0.02766166441142559
0.02565743587911129
0.028370361775159836
0.027615195140242577
0.024422187358140945
0.039522141218185425
0.024676352739334106
0.0270334891974926
0.024275971576571465
0.029101787135004997
0.023955781012773514
0.02845732867717743
0.06299999356269836
0.024000197649002075
0.03253196179866791
0.025587718933820724
0.025751065462827682
0.02708384394645691
0.02427670918405056
0.05521198734641075
0.026283837854862213
0.030120497569441795
0.026640936732292175
0.027949128299951553
0.02647213637828827
0.025213412940502167
0.03770444542169571
0.025591976940631866
0.03030330501496792
0.027790650725364685
0.027634626254439354
0.028366833925247192
0.025020558387041092
0.037623561918735504
0.026198364794254303
0.025341618806123734
0.02475867047905922
0.02500917762517929
0.027561552822589874
0.026557110249996185
0.03819086030125618
0.02289561741054058
0.02721458673477173
0.02572641335427761
0.025869980454444885
0.026720551773905754
0.024979759007692337
0.04447195678949356
0.023818930611014366
0.0261920727789402
0.025196362286806107
0.025073861703276634
0.023804759606719017
0.028469279408454895
0.031912218779325485
0.0274349357932806
0.024570811539888382
0.022422699257731438
0.026452375575900078
0.024752048775553703
0.027501866221427917
0.06678147614002228
0.027643874287605286
0.024486105889081955
0.025848932564258575
0.02719729393720627
0.027051012963056564
0.023821327835321426
0.03824130818247795
0.02396452985703945
0.025593355298042297
0.027432827278971672
0.027423296123743057
0.025055324658751488
0.023714393377304077
0.04243925213813782
0.02561016194522381
0.029447201639413834
0.026455819606781006
0.02642345428466797
0.025732649490237236
0.02351267635822296
0.03460459038615227
0.023839717730879784
0.025662779808044434
0.026198916137218475
0.027079639956355095
0.029392672702670097
0.025814136490225792
0.03971361368894577
0.02383538708090782
0.025269534438848495
0.027058333158493042
0.02862403355538845
0.023839477449655533
0.026150157675147057
0.051900770515203476
0.02818472497165203
0.03268520534038544
0.023255428299307823
0.02615377865731716
0.025886546820402145
0.025242645293474197
0.03785882890224457
0.02862960658967495
0.027876384556293488
0.02577078901231289
0.02447771653532982
0.0254354365170002
0.026264220476150513
0.06312940269708633
0.026211537420749664
0.029472220689058304
0.025348950177431107
0.025806045159697533
0.02790866792201996
0.026219075545668602
0.04345700889825821
0.025911999866366386
0.025228403508663177
0.02625216171145439
0.02863689884543419
0.02511465921998024
0.03063434362411499
0.04392500966787338
0.026791442185640335
0.0245971642434597
0.027962421998381615
0.022952850908041
0.026376627385616302
0.025767570361495018
0.0375017412006855
0.0251061599701643
0.025447160005569458
0.026034675538539886
0.023618346080183983
0.023556530475616455
0.024721603840589523
0.04547225683927536
0.0236875768750906
0.025080356746912003
0.023851430043578148
0.023250339552760124
0.027549203485250473
0.02582963928580284
0.04534425586462021
0.024172168225049973
0.024151619523763657
0.02968919277191162
0.02649759128689766
0.024225464090704918
0.027890412136912346
0.045136429369449615
0.02622312121093273
0.028116442263126373
0.026747649535536766
0.02639669179916382
0.02794426493346691
0.02664613351225853
0.039300959557294846
0.025553656741976738
0.02611398696899414
0.02508322149515152
0.024939654394984245
0.02639540284872055
0.023414744064211845
0.035596586763858795
0.02342725545167923
0.025591112673282623
0.024188652634620667
0.02617981657385826
0.02391473948955536
0.02631140500307083
0.04625454545021057
0.024576324969530106
0.025256743654608727
0.02616199105978012
0.02780272625386715
0.026285968720912933
0.023332349956035614
0.04316558688879013
0.023517224937677383
0.02743067964911461
0.02925228886306286
0.023587554693222046
0.029254933819174767
0.023896880447864532
0.03565150499343872
0.024999693036079407
0.023140601813793182
0.025575164705514908
0.024661973118782043
0.02683888003230095
0.030423952266573906
0.047999437898397446
0.024050995707511902
0.02773745357990265
0.026608020067214966
0.023846235126256943
0.02513977698981762
0.025787927210330963
0.03778254985809326
0.02741030603647232
0.02586514502763748
0.023626891896128654
0.02354012057185173
0.027380988001823425
0.02246059477329254
0.04363417252898216
0.025529418140649796
0.025051388889551163
0.025968145579099655
0.023899709805846214
0.026480112224817276
0.023441677913069725
0.05508175119757652
0.026521733030676842
0.028866376727819443
0.0254354365170002
0.027004580944776535
0.027295028790831566
0.02497536689043045
0.04210609942674637
0.02368525043129921
0.026436928659677505
0.03008689358830452
0.026008065789937973
0.02449086867272854
0.02621701918542385
0.027953479439020157
0.023058591410517693
0.0219716839492321
0.02333209291100502
0.023275617510080338
0.026950284838676453
0.02480243146419525
0.04001068323850632
0.022940201684832573
0.024501044303178787
0.025477543473243713
0.024746647104620934
0.022894810885190964
0.026223983615636826
0.0392826683819294
0.024843305349349976
0.030465854331851006
0.024509698152542114
0.024980224668979645
0.02456185594201088
0.022030217573046684
0.034247707575559616
0.02262352779507637
0.022611042484641075
0.02630186453461647
0.028323836624622345
0.0247986800968647
0.02386370301246643
0.03414500132203102
0.02499866485595703
0.02487931028008461
0.02597477100789547
0.022748779505491257
0.02396964281797409
0.021823715418577194
0.04297121986746788
0.023709755390882492
0.023018082603812218
0.027063077315688133
0.0252167209982872
0.026151463389396667
0.02322249859571457
0.04794635996222496
0.023120729252696037
0.030129481106996536
0.02871808409690857
0.030774064362049103
0.026574281975626945
0.024135231971740723
0.035539619624614716
0.02422935515642166
0.02641942724585533
0.025134991854429245
0.025433048605918884
0.02734440192580223
0.02221805229783058
0.04227156564593315
0.026561683043837547
0.029488813132047653
0.022376704961061478
0.02430685982108116
0.023881465196609497
0.025462118908762932
0.03569773584604263
0.0236238744109869
0.025658290833234787
0.023800848051905632
0.023254208266735077
0.02503815107047558
0.023500937968492508
0.052017033100128174
0.023723091930150986
0.024782104417681694
0.026422735303640366
0.02411690726876259
0.024045493453741074
0.029293609783053398
0.04293558746576309
0.02592812106013298
0.02615545690059662
0.026401493698358536
0.026872798800468445
0.02393483743071556
0.02491658553481102
0.04415431618690491
0.0241006538271904
0.02451712265610695
0.02726464718580246
0.025943515822291374
0.022461842745542526
0.02355169877409935
0.03299255296587944
0.02328704111278057
0.022215232253074646
0.022793805226683617
0.026262186467647552
0.025239070877432823
0.024700185284018517
0.07150548696517944
0.029533250257372856
0.03066421113908291
0.025411255657672882
0.0274360254406929
0.02302279695868492
0.02447544038295746
0.04611114785075188
0.03061635047197342
0.025119511410593987
0.022627610713243484
0.025402095168828964
0.023711908608675003
0.02945549599826336
0.03785492107272148
0.021101467311382294
0.0228610560297966
0.025548208504915237
0.023391492664813995
0.025760620832443237
0.02430282160639763
0.03833109885454178
0.026638314127922058
0.02459830604493618
0.02104078233242035
0.025210706517100334
0.02499011717736721
0.02687765471637249
0.03294704481959343
0.022682663053274155
0.023731423541903496
0.0262738149613142
0.025530610233545303
0.024508196860551834
0.021916817873716354
0.0481976680457592
0.024110011756420135
0.025091875344514847
0.024609006941318512
0.026174498721957207
0.02712077647447586
0.025025371462106705
0.040014494210481644
0.024182569235563278
0.022695746272802353
0.023283999413251877
0.022288404405117035
0.024794576689600945
0.025308974087238312
0.04112761467695236
0.025887329131364822
0.025113685056567192
0.025477658957242966
0.02366378903388977
0.026809915900230408
0.025637853890657425
0.03349915146827698
0.023308737203478813
0.02098315767943859
0.023119410499930382
0.027282198891043663
0.026464756578207016
0.02608051523566246
0.041469767689704895
0.025838546454906464
0.02348872646689415
0.022556304931640625
0.021648578345775604
0.024298228323459625
0.025012878701090813
0.07284229248762131
0.028541287407279015
0.031588032841682434
0.026942536234855652
0.028281696140766144
0.023510683327913284
0.02968800626695156
0.042614053934812546
0.027083685621619225
0.02352607063949108
0.02227877639234066
0.02397395670413971
0.023860735818743706
0.023557379841804504
0.044599395245313644
0.022735748440027237
0.024340886622667313
0.024769602343440056
0.024970827624201775
0.024682877585291862
0.024064257740974426
0.02859807386994362
0.025825567543506622
0.023841096088290215
0.023290924727916718
0.02260490134358406
0.023950479924678802
0.02326083742082119
0.04728080332279205
0.025582734495401382
0.02585490606725216
0.026008427143096924
0.024418560788035393
0.02691841684281826
0.022809326648712158
0.04854312166571617
0.026062965393066406
0.03170347586274147
0.027227839455008507
0.026921745389699936
0.02642277628183365
0.02745560184121132
0.035685066133737564
0.022372839972376823
0.02401397004723549
0.027110090479254723
0.023072710260748863
0.02290349081158638
0.022273071110248566
0.06099490076303482
0.025344479829072952
0.02447209134697914
0.02823520079255104
0.026016682386398315
0.024607598781585693
0.024340637028217316
0.0401260070502758
0.02323494665324688
0.024554219096899033
0.02299405261874199
0.02427096664905548
0.022725960239768028
0.023729464039206505
0.07704247534275055
0.03373986482620239
0.03387962281703949
0.029296215623617172
0.026356374844908714
0.02288765460252762
0.02529546618461609
0.043178051710128784
0.027218911796808243
0.025458000600337982
0.026729024946689606
0.025113482028245926
0.024707717821002007
0.023883169516921043
0.036807797849178314
0.022850092500448227
0.02521941065788269
0.026452485471963882
0.024889638647437096
0.025371989235281944
0.022353140637278557
0.03336329758167267
0.02397092431783676
0.025081230327486992
0.02387806586921215
0.02393447235226631
0.02344672754406929
0.02298678830265999
0.03034590557217598
0.02383328601717949
0.022982006892561913
0.02726973220705986
0.02354712039232254
0.021826548501849174
0.02341737598180771
0.0642169788479805
0.022809036076068878
0.027260787785053253
0.027670538052916527
0.0258554108440876
0.02234654128551483
0.027655910700559616
0.03548850119113922
0.029867861419916153
0.024450575932860374
0.021711213514208794
0.025016427040100098
0.02549857273697853
0.029337987303733826
0.037735842168331146
0.023034721612930298
0.026153214275836945
0.02382374368607998
0.024725377559661865
0.025203481316566467
0.023857329040765762
0.03994101285934448
0.028572117909789085
0.022876836359500885
0.02269842103123665
0.023641161620616913
0.02309655025601387
0.02413436584174633
0.0516066774725914
0.024086985737085342
0.02558395080268383
0.022077342495322227
0.023417478427290916
0.02336437627673149
0.023957131430506706
0.042704563587903976
0.028519481420516968
0.02690940722823143
0.022579263895750046
0.024127893149852753
0.023501373827457428
0.024966513738036156
0.032146234065294266
0.023401040583848953
0.023854350671172142
0.022578474134206772
0.024778252467513084
0.023007329553365707
0.024896960705518723
0.039233386516571045
0.022128794342279434
0.023647643625736237
0.024398593232035637
0.02614864706993103
0.024509085342288017
0.025499790906906128
0.027562079951167107
0.021914256736636162
0.022091276943683624
0.022428756579756737
0.02681254968047142
0.021570157259702682
0.023601599037647247
0.03467612713575363
0.02263294719159603
0.024073820561170578
0.025827055796980858
0.022824523970484734
0.02426757477223873
0.027469677850604057
0.04773854464292526
0.021790307015180588
0.024555547162890434
0.025060174986720085
0.021393602713942528
0.024579433724284172
0.024149861186742783
0.04635446518659592
0.02067093551158905
0.027833566069602966
0.024963729083538055
0.023967621847987175
0.023466167971491814
0.024514636024832726
0.03298203647136688
0.021529128775000572
0.02614852599799633
0.023884303867816925
0.02332955412566662
0.021364670246839523
0.021694455295801163
0.03258662298321724
0.021780064329504967
0.023418821394443512
0.0230120699852705
0.025017142295837402
0.02525368146598339
0.025196556001901627
0.045488156378269196
0.02251289039850235
0.02892671898007393
0.02425163984298706
0.024277081713080406
0.0265397559851408
0.02303389273583889
0.03352140635251999
0.02455415390431881
0.02396222949028015
0.0242953859269619
0.025898253545165062
0.023079147562384605
0.022754330188035965
0.040857262909412384
0.01988079771399498
0.02180347591638565
0.02845604345202446
0.024287618696689606
0.022521881386637688
0.026225445792078972
0.039911605417728424
0.0210067480802536
0.024258747696876526
0.022928539663553238
0.021561365574598312
0.025126859545707703
0.023680511862039566
0.05555560439825058
0.024305999279022217
0.027145033702254295
0.02490004152059555
0.024162806570529938
0.023001346737146378
0.022512327879667282
0.058147069066762924
0.02367050014436245
0.02699008584022522
0.024126587435603142
0.024104556068778038
0.022404417395591736
0.022944433614611626
0.04251062497496605
0.02257552556693554
0.02531866542994976
0.022960131987929344
0.02472161315381527
0.025983072817325592
0.023093819618225098
0.037839166820049286
0.02057019993662834
0.024532202631235123
0.027528678998351097
0.02242286130785942
0.0224963016808033
0.024544578045606613
0.04749258980154991
0.021535243839025497
0.02515345625579357
0.02441466599702835
0.023468051105737686
0.02477472834289074
0.02153686434030533
0.05013754963874817
0.024037908762693405
0.023588471114635468
0.026984993368387222
0.025370847433805466
0.026560310274362564
0.023442663252353668
0.0443197563290596
0.024845033884048462
0.026781663298606873
0.022521361708641052
0.023232392966747284
0.022498521953821182
0.022747181355953217
0.06323356926441193
0.02168935537338257
0.025656849145889282
0.023503098636865616
0.023037975654006004
0.02438487485051155
0.025752391666173935
0.04493362456560135
0.022390037775039673
0.025049693882465363
0.026181979104876518
0.024561267346143723
0.024005476385354996
0.02639278769493103
0.033697038888931274
0.023782070726156235
0.022738438099622726
0.02528512291610241
0.023479102179408073
0.026548899710178375
0.022482305765151978
0.04350949823856354
0.021356362849473953
0.02354661375284195
0.02490052580833435
0.027161166071891785
0.02361343614757061
0.023553092032670975
0.045671530067920685
0.02361356094479561
0.022229528054594994
0.024510053917765617
0.021775376051664352
0.02378302440047264
0.02595404163002968
0.03848871961236
0.02123686484992504
0.026477158069610596
0.02460368722677231
0.023572159931063652
0.023684963583946228
0.03056243807077408
0.03794029727578163
0.02555100992321968
0.025630269199609756
0.025329915806651115
0.023165464401245117
0.0228527020663023
0.022222626954317093
0.03853635489940643
0.023340126499533653
0.022824574261903763
0.023614024743437767
0.023608257994055748
0.022333204746246338
0.023987947031855583
0.03407157212495804
0.022243384271860123
0.02346193604171276
0.02402094006538391
0.02271030656993389
0.022726096212863922
0.026086922734975815
0.04861036688089371
0.023549873381853104
0.023884965106844902
0.023658733814954758
0.023969627916812897
0.026768933981657028
0.02297310344874859
0.03594885393977165
0.024070270359516144
0.02749360352754593
0.022789325565099716
0.023139802739024162
0.02325935661792755
0.021140001714229584
0.03091205470263958
0.02460407465696335
0.021174093708395958
0.024859700351953506
0.02128070406615734
0.023025495931506157
0.02344357594847679
0.038284771144390106
0.020936526358127594
0.023509709164500237
0.027027975767850876
0.0257291030138731
0.022592250257730484
0.02565254084765911
0.056265801191329956
0.02230977639555931
0.02477908506989479
0.02958953008055687
0.02388598769903183
0.022933397442102432
0.022488869726657867
0.03621157258749008
0.0233010184019804
0.022049298509955406
0.02577194944024086
0.023386908695101738
0.025895345956087112
0.023632172495126724
0.06495817005634308
0.027299974113702774
0.02926565520465374
0.02765974961221218
0.027256323024630547
0.026539698243141174
0.020789342001080513
0.03384355083107948
0.02516363374888897
0.022525418549776077
0.02407836727797985
0.022725841030478477
0.027870237827301025
0.022988997399806976
0.033619191497564316
0.02318444475531578
0.02064807340502739
0.02351752668619156
0.022727470844984055
0.026502594351768494
0.02199588529765606
0.05767224356532097
0.02560163289308548
0.026341687887907028
0.024502737447619438
0.024204542860388756
0.02134157530963421
0.02428015135228634
0.035613127052783966
0.024317748844623566
0.022862520068883896
0.02369886264204979
0.025402233004570007
0.024186082184314728
0.02430042438209057
0.042519815266132355
0.023631732910871506
0.02493124268949032
0.02239849790930748
0.022908508777618408
0.025529660284519196
0.023945143446326256
0.047610945999622345
0.022389035671949387
0.024624880403280258
0.025782760232686996
0.0246494859457016
0.02363148145377636
0.02393789403140545
0.037859030067920685
0.023869698867201805
0.024369675666093826
0.02164439484477043
0.02326398715376854
0.02338505908846855
0.02214697003364563
0.03651665151119232
0.02255881391465664
0.02328869327902794
0.024285346269607544
0.024448130279779434
0.022624555975198746
0.022763412445783615
0.03940819576382637
0.024544110521674156
0.02484714239835739
0.027487022802233696
0.023056760430336
0.02315576747059822
0.02343817427754402
0.04865298420190811
0.023856207728385925
0.02498532459139824
0.02314482443034649
0.024220112711191177
0.022925276309251785
0.02302703820168972
0.041244830936193466
0.021626189351081848
0.025086376816034317
0.022189386188983917
0.028086550533771515
0.02390982210636139
0.02100030891597271
0.04001098871231079
0.024897431954741478
0.024044692516326904
0.021136868745088577
0.023231763392686844
0.02307090535759926
0.02370659075677395
0.034930840134620667
0.021058350801467896
0.022759824991226196
0.019761133939027786
0.02282685413956642
0.024155599996447563
0.02297734096646309
0.04873029887676239
0.023594513535499573
0.022280123084783554
0.022976545616984367
0.023542193695902824
0.024442963302135468
0.02241005003452301
0.03731650486588478
0.020576730370521545
0.02689887396991253
0.025547347962856293
0.02390863746404648
0.02595992013812065
0.021632617339491844
0.0336906723678112
0.020591232925653458
0.021613968536257744
0.022375766187906265
0.022900119423866272
0.024060843512415886
0.023264525458216667
0.04041530191898346
0.021832384169101715
0.02502860687673092
0.022681768983602524
0.022203361615538597
0.022675566375255585
0.02384026162326336
0.04413871094584465
0.02268970012664795
0.024000709876418114
0.02196265384554863
0.022385306656360626
0.021817315369844437
0.022402284666895866
0.04032605513930321
0.022356227040290833
0.02614876627922058
0.02100200019776821
0.02126919850707054
0.0223558247089386
0.02314046584069729
0.040527015924453735
0.0228732880204916
0.023334253579378128
0.024667464196681976
0.022408273071050644
0.020640797913074493
0.024743488058447838
0.03212333843111992
0.0221132542937994
0.021189965307712555
0.023411959409713745
0.023636091500520706
0.022409606724977493
0.02443276159465313
0.03476695343852043
0.021180100739002228
0.02334662899374962
0.02320810779929161
0.02274234965443611
0.02358490787446499
0.023168597370386124
0.03038625791668892
0.022807762026786804
0.021013079211115837
0.021310871466994286
0.02273520641028881
0.02310171350836754
0.02361695095896721
0.030822021886706352
0.02178632840514183
0.02394857630133629
0.0246361643075943
0.021654579788446426
0.02374071627855301
0.022008545696735382
0.027097729966044426
0.02422131970524788
0.021931959316134453
0.02247438207268715
0.02310827374458313
0.02469913475215435
0.0219830721616745
0.04090183228254318
0.02051633968949318
0.025875812396407127
0.024577340111136436
0.022892264649271965
0.0236795824021101
0.02560759335756302
0.04497919976711273
0.026841796934604645
0.027258193120360374
0.024637769907712936
0.027737312018871307
0.026236601173877716
0.020666364580392838
0.04490005970001221
0.022977687418460846
0.02298418991267681
0.024636585265398026
0.025114107877016068
0.03050605021417141
0.02272864244878292
0.037069112062454224
0.022666286677122116
0.024148911237716675
0.02202747017145157
0.02612960897386074
0.02189919725060463
0.022446461021900177
0.03496935963630676
0.023061072453856468
0.029007427394390106
0.02124834805727005
0.023480800911784172
0.023250266909599304
0.021563543006777763
0.03730754554271698
0.0216599740087986
0.02553781494498253
0.022402828559279442
0.024389896541833878
0.025032594799995422
0.023830048739910126
0.03187752515077591
0.023903479799628258
0.026757199317216873
0.02125878445804119
0.02297242358326912
0.022004378959536552
0.024020779877901077
0.03513716906309128
0.021371638402342796
0.023640736937522888
0.02366076037287712
0.022931335493922234
0.023687487468123436
0.025369323790073395
0.032297033816576004
0.021913258358836174
0.02411612682044506
0.020738832652568817
0.021002260968089104
0.023955844342708588
0.02318967506289482
0.047321222722530365
0.020443201065063477
0.025007497519254684
0.022107867524027824
0.024258112534880638
0.02396070957183838
0.02181316539645195
0.04023278132081032
0.021713731810450554
0.02379664033651352
0.02288862317800522
0.025582656264305115
0.02302006259560585
0.021792273968458176
0.03463073447346687
0.022947173565626144
0.022022856399416924
0.023858528584241867
0.022861888632178307
0.02355100028216839
0.023143310099840164
0.05696026235818863
0.022761594504117966
0.023443331941962242
0.027636628597974777
0.024846181273460388
0.023691542446613312
0.023803304880857468
0.043239764869213104
0.022739309817552567
0.021799389272928238
0.02301555499434471
0.022692430764436722
0.022777121514081955
0.02160404436290264
0.048831429332494736
0.022076329216361046
0.02322348766028881
0.02388768643140793
0.02320842817425728
0.024501843377947807
0.02200375497341156
0.04341745376586914
0.025351062417030334
0.025319401174783707
0.02427752874791622
0.02123275399208069
0.02247963659465313
0.0249362513422966
0.05408487468957901
0.022665774449706078
0.023149505257606506
0.02621571533381939
0.021993441507220268
0.02526080422103405
0.024066418409347534
0.03398129343986511
0.02443091571331024
0.022935887798666954
0.02450869046151638
0.022255785763263702
0.021420437842607498
0.021932009607553482
0.037139829248189926
0.021211858838796616
0.025119539350271225
0.02434939704835415
0.02177957445383072
0.02485949918627739
0.02275756560266018
0.04569467529654503
0.022666342556476593
0.02300279214978218
0.023054208606481552
0.022568870335817337
0.023724008351564407
0.02283485233783722
0.048910826444625854
0.02145901881158352
0.022804871201515198
0.024802371859550476
0.022487450391054153
0.023148825392127037
0.022683821618556976
0.0357820950448513
0.021515022963285446
0.021249890327453613
0.023827333003282547
0.02200663648545742
0.021304097026586533
0.02052413485944271
0.02853517048060894
0.023765932768583298
0.022175436839461327
0.024245455861091614
0.02143668383359909
0.02232370898127556
0.022140223532915115
0.03899439424276352
0.020514098927378654
0.025927484035491943
0.024035315960645676
0.02214658074080944
0.021130701526999474
0.0298287533223629
0.03521882742643356
0.02254243567585945
0.02218659035861492
0.021603435277938843
0.02353879064321518
0.022467998787760735
0.02345871739089489
0.023997358977794647
0.022372283041477203
0.019716938957571983
0.021804800257086754
0.021034054458141327
0.023499203845858574
0.02551562339067459
0.042054034769535065
0.023314908146858215
0.022129137068986893
0.02628723531961441
0.025564666837453842
0.02428869716823101
0.023481374606490135
0.043879009783267975
0.020715460181236267
0.02466931939125061
0.024987980723381042
0.0224124975502491
0.021341592073440552
0.025712786242365837
0.04163070768117905
0.024361368268728256
0.02304987609386444
0.024060694500803947
0.023777669295668602
0.021802550181746483
0.022956009954214096
0.03717157244682312
0.024733666330575943
0.024660712108016014
0.021776391193270683
0.022488830611109734
0.022788066416978836
0.022299382835626602
0.038641639053821564
0.024885524064302444
0.02116025611758232
0.02407021075487137
0.024638518691062927
0.021850712597370148
0.023949680849909782
0.032578881829977036
0.022600207477808
0.02244219183921814
0.022282307967543602
0.02088630013167858
0.024126065894961357
0.02360844612121582
0.041486673057079315
0.020922601222991943
0.025496315211057663
0.02546190842986107
0.022498032078146935
0.023692280054092407
0.021566947922110558
0.03388261795043945
0.021120615303516388
0.02182474359869957
0.026250166818499565
0.022277452051639557
0.022996811196208
0.022072985768318176
0.039573170244693756
0.02198120765388012
0.024330012500286102
0.021032720804214478
0.022187164053320885
0.020251955837011337
0.0242016538977623
0.039026349782943726
0.022162094712257385
0.022836200892925262
0.021914545446634293
0.022620756179094315
0.02345011942088604
0.025709565728902817
0.0375833697617054
0.02029605582356453
0.02207082137465477
0.022245872765779495
0.022762112319469452
0.021757779642939568
0.02131313644349575
0.07221609354019165
0.022875536233186722
0.028112903237342834
0.0277039036154747
0.027414236217737198
0.021704021841287613
0.02260606735944748
0.04083795100450516
0.02363022044301033
0.026918455958366394
0.02243167906999588
0.023230746388435364
0.0233299620449543
0.020882999524474144
0.03140014782547951
0.02269832417368889
0.024553073570132256
0.022620700299739838
0.023050423711538315
0.023715084418654442
0.02361498400568962
0.030890440568327904
0.020428072661161423
0.023826992139220238
0.022548271343111992
0.02224457636475563
0.02133013866841793
0.022553853690624237
0.05242512375116348
0.023362165316939354
0.025083383545279503
0.022677451372146606
0.02297002635896206
0.022815529257059097
0.02263518236577511
0.05702289566397667
0.02260000817477703
0.0251685231924057
0.02652442827820778
0.023952681571245193
0.02371050976216793
0.024750834330916405
0.04135014861822128
0.0253306832164526
0.02012772299349308
0.022664088755846024
0.02058812603354454
0.030380085110664368
0.022730669006705284
0.03726539388298988
0.025010643526911736
0.02286773920059204
0.02146560698747635
0.02309836819767952
0.021512676030397415
0.02060316875576973
0.041529253125190735
0.023657944053411484
0.022784685716032982
0.021832652390003204
0.025408338755369186
0.025325333699584007
0.02122039720416069
0.034252796322107315
0.02182658389210701
0.021672582253813744
0.02399476431310177
0.022879941388964653
0.019504887983202934
0.02648855373263359
0.04945598542690277
0.024929698556661606
0.024694256484508514
0.02414114773273468
0.022485509514808655
0.023781821131706238
0.02293751947581768
0.036876704543828964
0.02106465771794319
0.024696579203009605
0.02130237966775894
0.021191319450736046
0.024367626756429672
0.022854063659906387
0.036800187081098557
0.020751457661390305
0.021953925490379333
0.023662595078349113
0.022417329251766205
0.02144327573478222
0.021829916164278984
0.035224515944719315
0.024247899651527405
0.021771971136331558
0.02145775966346264
0.023384131491184235
0.021057341247797012
0.02113194391131401
0.041071873158216476
0.02690701000392437
0.02431568130850792
0.023167632520198822
0.0253643449395895
0.025306686758995056
0.02158190682530403
0.03361484035849571
0.019946536049246788
0.021952074021100998
0.02281656116247177
0.02234731614589691
0.02512839250266552
0.025390923023223877
0.03604849800467491
0.021598391234874725
0.025084462016820908
0.023424413055181503
0.022076237946748734
0.02147665247321129
0.020193010568618774
0.044970348477363586
0.022833768278360367
0.02524758130311966
0.02526291459798813
0.022642873227596283
0.02015416882932186
0.021294569596648216
0.04258286952972412
0.023005634546279907
0.026285436004400253
0.02083849534392357
0.02317202091217041
0.022399108856916428
0.023848194628953934
0.03086894005537033
0.021356265991926193
0.022143883630633354
0.02327689342200756
0.021892918273806572
0.02070627734065056
0.021617373451590538
0.03365466743707657
0.021430741995573044
0.024727005511522293
0.02163287065923214
0.021923448890447617
0.022900264710187912
0.025180727243423462
0.08158621191978455
0.028672760352492332
0.024380609393119812
0.023556670174002647
0.024975022301077843
0.025258444249629974
0.02268749102950096
0.03454440087080002
0.021872375160455704
0.026328742504119873
0.025417936965823174
0.020981624722480774
0.021728765219449997
0.021463913843035698
0.0433131568133831
0.02353372797369957
0.02840462699532509
0.022056639194488525
0.0218314491212368
0.02144109271466732
0.021160755306482315
0.0357607826590538
0.021599002182483673
0.02246241644024849
0.021300211548805237
0.022456226870417595
0.024059046059846878
0.021700119599699974
0.03731817007064819
0.02209717594087124
0.0237695574760437
0.022067686542868614
0.020754488185048103
0.02101214788854122
0.027577564120292664
0.038638003170490265
0.02183501236140728
0.02049894630908966
0.02351897582411766
0.02739456668496132
0.02297988161444664
0.02196512371301651
0.03871157765388489
0.024373214691877365
0.022674400359392166
0.022503767162561417
0.02292773127555847
0.02190018817782402
0.021623723208904266
0.033025916665792465
