0.7654711604118347
0.7526392340660095
0.7473664283752441
0.6940128803253174
0.6913723349571228
0.6644690036773682
0.6362931132316589
0.6245655417442322
0.6224412322044373
0.62119460105896
0.5933068990707397
0.6045265793800354
0.5910614132881165
0.5704660415649414
0.5868552327156067
0.5633831024169922
0.5861658453941345
0.5628991723060608
0.5391871929168701
0.5401013493537903
0.5750647783279419
0.5510702729225159
0.5438811779022217
0.5280948877334595
0.5174344778060913
0.5182549953460693
0.5032224655151367
0.495012491941452
0.49821901321411133
0.5029296875
0.48907607793807983
0.4775989055633545
0.48121339082717896
0.46821925044059753
0.46064281463623047
0.45877906680107117
0.45643123984336853
0.4411822557449341
0.42066681385040283
0.4317208528518677
0.4134778678417206
0.4175240397453308
0.40905851125717163
0.4012176990509033
0.3820275664329529
0.3600139021873474
0.36324942111968994
0.34822845458984375
0.3394704759120941
0.35234782099723816
0.33995360136032104
0.3321361541748047
0.31361931562423706
0.325078547000885
0.30849403142929077
0.32201477885246277
0.29450148344039917
0.27840322256088257
0.27524977922439575
0.27538082003593445
0.2808971405029297
0.27971887588500977
0.26979684829711914
0.25187259912490845
0.269845575094223
0.24304810166358948
0.2565132677555084
0.23893438279628754
0.26219600439071655
0.25765523314476013
0.23180869221687317
0.22999706864356995
0.2211102545261383
0.23127922415733337
0.2249906361103058
0.2064564824104309
0.24893611669540405
0.20667347311973572
0.19543205201625824
0.20512233674526215
0.2153717577457428
0.20511749386787415
0.19607684016227722
0.22498147189617157
0.19971001148223877
0.20266875624656677
0.1882658451795578
0.20227472484111786
0.22957466542720795
0.20066235959529877
0.17931628227233887
0.22226080298423767
0.17692461609840393
0.18529628217220306
0.18289315700531006
0.16926608979701996
0.18032222986221313
0.1957114040851593
0.18104612827301025
0.182259663939476
0.19091060757637024
0.1720685064792633
0.19270174205303192
0.17931371927261353
0.19024066627025604
0.1874886006116867
0.1844167411327362
0.18000708520412445
0.17414942383766174
0.18438473343849182
0.16543501615524292
0.1489359587430954
0.16451117396354675
0.1774607002735138
0.1721230000257492
0.16340649127960205
0.1938186138868332
0.1729907989501953
0.174008309841156
0.17417210340499878
0.15730774402618408
0.1813288778066635
0.1684335321187973
0.17617616057395935
0.1882140338420868
0.1862153261899948
0.17783795297145844
0.17937986552715302
0.16719679534435272
0.16405197978019714
0.17279019951820374
0.15756992995738983
0.23665958642959595
0.1784491240978241
0.1675477921962738
0.17926166951656342
0.1651940494775772
0.1661103218793869
0.1613665670156479
0.14866644144058228
0.16487564146518707
0.16974644362926483
0.15581639111042023
0.1689557433128357
0.1575227528810501
0.14634038507938385
0.181179940700531
0.15262529253959656
0.1737242043018341
0.15848857164382935
0.16549348831176758
0.15647774934768677
0.1753976047039032
0.1458907425403595
0.17393329739570618
0.1626380831003189
0.1551286280155182
0.14602667093276978
0.16598254442214966
0.15084636211395264
0.18683677911758423
0.16835400462150574
0.16209286451339722
0.1551305055618286
0.15188264846801758
0.14941829442977905
0.14725546538829803
0.1736648678779602
0.1651459038257599
0.15587973594665527
0.14538884162902832
0.162509948015213
0.14556673169136047
0.15399135649204254
0.180743008852005
0.1510814130306244
0.16307346522808075
0.16179460287094116
0.15018370747566223
0.14434479176998138
0.1416926085948944
0.1989656388759613
0.15646004676818848
0.13537096977233887
0.14005379378795624
0.1437140554189682
0.13848163187503815
0.14273260533809662
0.21637848019599915
0.16635775566101074
0.15017035603523254
0.14984220266342163
0.14334560930728912
0.1441880315542221
0.13896921277046204
0.1530352532863617
0.16842105984687805
0.15481726825237274
0.15101853013038635
0.13426224887371063
0.1526513397693634
0.1368478685617447
0.1513739824295044
0.13157230615615845
0.133131206035614
0.14089526236057281
0.14371460676193237
0.1562013477087021
0.14380097389221191
0.17071114480495453
0.13742384314537048
0.13426998257637024
0.12735122442245483
0.14946159720420837
0.13794256746768951
0.15901921689510345
0.1551269292831421
0.14527401328086853
0.1324089616537094
0.1332521140575409
0.16119788587093353
0.13682326674461365
0.15139459073543549
0.1359558403491974
0.13272179663181305
0.13330525159835815
0.135295569896698
0.14215180277824402
0.12935352325439453
0.13729670643806458
0.13886144757270813
0.1346188485622406
0.1432051658630371
0.13720425963401794
0.14207522571086884
0.13637471199035645
0.13292436301708221
0.16838908195495605
0.15655985474586487
0.1302787959575653
0.1259831339120865
0.1667613685131073
0.13021883368492126
0.1386612057685852
0.16950635612010956
0.13456931710243225
0.143416166305542
0.1387295424938202
0.13709434866905212
0.1266968995332718
0.14620351791381836
0.14758159220218658
0.14142222702503204
0.1361345648765564
0.12217210978269577
0.12923641502857208
0.13036765158176422
0.12485745549201965
0.16430549323558807
0.14327454566955566
0.13036105036735535
0.12820124626159668
0.12572111189365387
0.12698894739151
0.13645341992378235
0.1428997814655304
0.12866884469985962
0.12133133411407471
0.11737526953220367
0.1349218338727951
0.13691337406635284
0.14946311712265015
0.12866556644439697
0.1226431280374527
0.15002340078353882
0.1377696990966797
0.12163156270980835
0.13400542736053467
0.12795162200927734
0.1565069556236267
0.12682127952575684
0.12927009165287018
0.12745465338230133
0.1354973018169403
0.121741384267807
0.11668497323989868
0.11729656159877777
0.13363724946975708
0.1288072168827057
0.12470024079084396
0.12998691201210022
0.12770387530326843
0.1259794533252716
0.12520313262939453
0.13011862337589264
0.12381048500537872
0.12989526987075806
0.12698215246200562
0.11506962776184082
0.1215045377612114
0.1432228684425354
0.12285002321004868
0.11741527169942856
0.13748463988304138
0.12829434871673584
0.13469454646110535
0.12051863968372345
0.12819883227348328
0.11628811061382294
0.1238258108496666
0.12270776927471161
0.1155097484588623
0.1312633603811264
0.12912550568580627
0.19063371419906616
0.11863809823989868
0.11965098232030869
0.12224041670560837
0.12650944292545319
0.14322641491889954
0.129488006234169
0.14335179328918457
0.1263250857591629
0.12766093015670776
0.132247656583786
0.10750596225261688
0.1170090064406395
0.12096669524908066
0.13505339622497559
0.13560131192207336
0.13099294900894165
0.12521131336688995
0.1378987431526184
0.11671848595142365
0.11885099858045578
0.1262005716562271
0.11881090700626373
0.11289706826210022
0.142806276679039
0.12629397213459015
0.10775988548994064
0.10644476860761642
0.16506575047969818
0.11831188201904297
0.12000720947980881
0.11054103076457977
0.1172691211104393
0.11975318193435669
0.12897950410842896
0.12762030959129333
0.13576647639274597
0.12708261609077454
0.11794687807559967
0.12502364814281464
0.1057133674621582
0.11121918261051178
0.1226205825805664
0.1151525229215622
0.12258970737457275
0.11364232003688812
0.11615528911352158
0.12610536813735962
0.1261124461889267
0.1308944672346115
0.10598620027303696
0.12208622694015503
0.12299027293920517
0.1355675607919693
0.11008157581090927
0.12318931519985199
0.133183091878891
0.12280520051717758
0.10843362659215927
0.1116403192281723
0.10566790401935577
0.11774805188179016
0.11843093484640121
0.1423393338918686
0.11264818906784058
0.1120527982711792
0.12347254157066345
0.1184261366724968
0.12471264600753784
0.10387866944074631
0.13479205965995789
0.11317206919193268
0.14717283844947815
0.14917133748531342
0.12266106903553009
0.12205067276954651
0.10965676605701447
0.14987456798553467
0.12604832649230957
0.128035306930542
0.11128263920545578
0.1214587539434433
0.11297401785850525
0.11682707071304321
0.14784720540046692
0.11544298380613327
0.1221727728843689
0.11178510636091232
0.1154259443283081
0.12387417256832123
0.10936626046895981
0.1197514757514
0.13586388528347015
0.10535146296024323
0.11516380310058594
0.12110285460948944
0.10787603259086609
0.11302091926336288
0.1450721174478531
0.1247863918542862
0.11478942632675171
0.10611426830291748
0.12026910483837128
0.13066381216049194
0.116752490401268
0.13889794051647186
0.12115900963544846
0.1184704452753067
0.12562009692192078
0.12949353456497192
0.11779983341693878
0.11415236443281174
0.15527331829071045
0.11454825848340988
0.11058379709720612
0.11258549988269806
0.10601215809583664
0.1056772917509079
0.10738565027713776
0.11846096813678741
0.11739252507686615
0.11628719419240952
0.1129688248038292
0.10587374866008759
0.10291892290115356
0.10084909200668335
0.11150586605072021
0.11674399673938751
0.11308138072490692
0.10575543344020844
0.10605277866125107
0.11210279166698456
0.1060224324464798
0.09653589129447937
0.10187508165836334
0.11156116425991058
0.11609655618667603
0.10815765708684921
0.11691842973232269
0.12223979830741882
0.11231517046689987
0.1093023344874382
0.11449312418699265
0.10470107197761536
0.11342225968837738
0.12156765162944794
0.11530514061450958
0.1321699470281601
0.13192248344421387
0.11194553226232529
0.10743292421102524
0.10847845673561096
0.12695007026195526
0.11461364477872849
0.10606591403484344
0.12510809302330017
0.12406845390796661
0.12236517667770386
0.09977462142705917
0.10047052800655365
0.09833383560180664
0.10989128798246384
0.10446867346763611
0.10916980355978012
0.10542646050453186
0.10612606257200241
0.12317006289958954
0.13084667921066284
0.13771292567253113
0.10978899896144867
0.10156533122062683
0.11889515817165375
0.11533769965171814
0.10378362983465195
0.103973388671875
0.11311949789524078
0.12308624386787415
0.10201393067836761
0.09665998816490173
0.11186550557613373
0.10292907804250717
0.10788648575544357
0.10030575096607208
0.12374868988990784
0.11351588368415833
0.10045172274112701
0.10837488621473312
0.11879615485668182
0.11256912350654602
0.17041783034801483
0.11868944764137268
0.10538583248853683
0.10977323353290558
0.09923133254051208
0.10181426256895065
0.10851293057203293
0.11767640709877014
0.1132148802280426
0.11690379679203033
0.09796185791492462
0.10064776986837387
0.11332564055919647
0.0968552753329277
0.12012724578380585
0.11859186738729477
0.11151301860809326
0.10242604464292526
0.1173103004693985
0.11313074827194214
0.11310898512601852
0.1347542256116867
0.1003040075302124
0.10885980725288391
0.104551300406456
0.10799051821231842
0.10161411017179489
0.1113676056265831
0.11488783359527588
0.11603196710348129
0.10674594342708588
0.10248617827892303
0.11373533308506012
0.10728442668914795
0.09630325436592102
0.12720359861850739
0.1138792634010315
0.10315527766942978
0.10314224660396576
0.09978016465902328
0.11969268321990967
0.10901504755020142
0.11420857906341553
0.1031777411699295
0.10390526056289673
0.10347820818424225
0.09757313132286072
0.10207735002040863
0.10937830060720444
0.12484719604253769
0.10123907029628754
0.11049266904592514
0.10370777547359467
0.09623336791992188
0.10250391066074371
0.09331091493368149
0.11393197625875473
0.11416842043399811
0.09645888209342957
0.10308884084224701
0.10550300776958466
0.11043855547904968
0.11559697985649109
0.13885751366615295
0.11402474343776703
0.1101047620177269
0.09786006808280945
0.10177063196897507
0.09587045013904572
0.0993548035621643
0.11353879421949387
0.11107125878334045
0.1023164913058281
0.104660764336586
0.09590625017881393
0.09523509442806244
0.10534938424825668
0.11764393746852875
0.10983412712812424
0.10109078884124756
0.09516641497612
0.09032164514064789
0.10594315826892853
0.10138224810361862
0.19859759509563446
0.10446368902921677
0.11306428909301758
0.10135132074356079
0.099315345287323
0.09305468201637268
0.09154801815748215
0.10581521689891815
0.1002839133143425
0.09533919394016266
0.12763769924640656
0.1232343316078186
0.10429694503545761
0.09149694442749023
0.16923987865447998
0.09457285702228546
0.09760573506355286
0.11030646413564682
0.09567772597074509
0.09699670970439911
0.09089662879705429
0.14661535620689392
0.09452637284994125
0.1010303944349289
0.10055860877037048
0.10800246894359589
0.08833535015583038
0.0891944169998169
0.10373128950595856
0.0957953929901123
0.09249299019575119
0.09083975851535797
0.10195370018482208
0.10059715807437897
0.10178500413894653
0.10461209714412689
0.09519949555397034
0.10005050897598267
0.09655597060918808
0.0899704098701477
0.09750180691480637
0.10596710443496704
0.11098730564117432
0.10485810041427612
0.09710104763507843
0.09456448256969452
0.09956324100494385
0.1014503762125969
0.0969562977552414
0.09892222285270691
0.11112576723098755
0.11102704703807831
0.1006077453494072
0.09305132925510406
0.10366879403591156
0.08092792332172394
0.13884970545768738
0.10803183913230896
0.0954379290342331
0.09109319746494293
0.08699699491262436
0.10514932870864868
0.10712265968322754
0.11387737095355988
0.09514757990837097
0.09156191349029541
0.10840395092964172
0.10184712707996368
0.09944232553243637
0.09769381582736969
0.10122060030698776
0.09418928623199463
0.0945778340101242
0.10596759617328644
0.09352144598960876
0.09362449496984482
0.09794765710830688
0.11316502094268799
0.08991151303052902
0.09023755043745041
0.09300562739372253
0.09270533174276352
0.0913669615983963
0.09901809692382812
0.1603897213935852
0.09547141194343567
0.10696817934513092
0.08653153479099274
0.09464310854673386
0.09954500198364258
0.09334087371826172
0.11460264772176743
0.08663716167211533
0.0936768651008606
0.09760420024394989
0.09967672824859619
0.08648602664470673
0.08973314613103867
0.09297540783882141
0.0894731730222702
0.10766461491584778
0.10898064821958542
0.09260152280330658
0.08421274274587631
0.10559811443090439
0.10915644466876984
0.09802522510290146
0.08799329400062561
0.0783107578754425
0.08326160907745361
0.08950840681791306
0.10712449997663498
0.0950348824262619
0.09068464487791061
0.09248481690883636
0.12415263056755066
0.1125752255320549
0.09710769355297089
0.09481705725193024
0.08550368994474411
0.09381090849637985
0.09369497746229172
0.08721382915973663
0.09399285912513733
0.08636415004730225
0.10165132582187653
0.11650936305522919
0.10114052891731262
0.10332569479942322
0.08980657160282135
0.09489887207746506
0.08161065727472305
0.0811355710029602
0.09263728559017181
0.08913030475378036
0.0837368294596672
0.11281736195087433
0.09548201411962509
0.08551876246929169
0.09231401979923248
0.12731540203094482
0.09972566366195679
0.08553236722946167
0.09586888551712036
0.08786185830831528
0.10392485558986664
0.08346916735172272
0.11153226345777512
0.0901390016078949
0.09235759824514389
0.08954721689224243
0.08392377942800522
0.0833325982093811
0.08061256259679794
0.10439638793468475
0.09000124037265778
0.0876908004283905
0.09193071722984314
0.08379639685153961
0.08635985106229782
0.08309338986873627
0.11108501255512238
0.09290386736392975
0.08233323693275452
0.07570751011371613
0.08149848878383636
0.08922505378723145
0.08913087099790573
0.1407003104686737
0.08872634172439575
0.08325563371181488
0.07860085368156433
0.08623693883419037
0.08637271821498871
0.08813133090734482
0.10373520106077194
0.08636577427387238
0.09386133402585983
0.09194205701351166
0.0897582471370697
0.09807869791984558
0.07809106260538101
0.1142244040966034
0.07987993955612183
0.08425560593605042
0.08633993566036224
0.0906578004360199
0.09137243032455444
0.07790255546569824
0.1037658080458641
0.08209125697612762
0.08722150325775146
0.08849501609802246
0.08984807133674622
0.08216255903244019
0.07913369685411453
0.10933823883533478
0.09071134775876999
0.08532373607158661
0.08156067878007889
0.07615812867879868
0.07865944504737854
0.08929258584976196
0.1416502296924591
0.09045551717281342
0.07056248933076859
0.08348873257637024
0.07437808811664581
0.07939929515123367
0.08409321308135986
0.2109832465648651
0.0982678234577179
0.0822736918926239
0.08178000152111053
0.08260652422904968
0.0849989801645279
0.08271676301956177
0.11997654289007187
0.08237826079130173
0.08845289051532745
0.0804903507232666
0.08101000636816025
0.08598101139068604
0.089598149061203
0.1248926967382431
0.08793698996305466
0.07610530406236649
0.08122929185628891
0.07384418696165085
0.07467430084943771
0.08648593723773956
0.1358497589826584
0.09020613878965378
0.08690344542264938
0.09176131337881088
0.0792916789650917
0.07068231701850891
0.0748467743396759
0.12416161596775055
0.07881796360015869
0.08282379806041718
0.08724682033061981
0.07319619506597519
0.10380389541387558
0.08471453189849854
0.11132141202688217
0.08973493427038193
0.09477438032627106
0.08334653079509735
0.08546897768974304
0.07537582516670227
0.08971976488828659
0.14150021970272064
0.0857963114976883
0.0872671902179718
0.10362087190151215
0.0887296125292778
0.08531740307807922
0.08101572096347809
0.09637705981731415
0.07336022704839706
0.07643135637044907
0.08311561495065689
0.08537247031927109
0.08397994935512543
0.07621581107378006
0.08525469154119492
0.09698925912380219
0.08380977809429169
0.07693344354629517
0.07305435836315155
0.08008918166160583
0.07780535519123077
0.21097061038017273
0.08392488956451416
0.08743473142385483
0.0917004868388176
0.07950082421302795
0.07825644314289093
0.08175436407327652
0.09833747148513794
0.07033438235521317
0.06956198811531067
0.08404310047626495
0.08166512101888657
0.07819396257400513
0.0818924754858017
0.08201844990253448
0.08883005380630493
0.07143384963274002
0.07655835896730423
0.07223524153232574
0.0770476907491684
0.07713046669960022
0.11222051829099655
0.07847964763641357
0.06965998560190201
0.1026359423995018
0.0801011472940445
0.07587983459234238
0.08478009700775146
0.0963105857372284
0.07389296591281891
0.08070865273475647
0.0767916813492775
0.07325710356235504
0.08078398555517197
0.08996149897575378
0.09348609298467636
0.07213842868804932
0.08830671012401581
0.07415295392274857
0.07704906910657883
0.06885463744401932
0.08095861226320267
0.0970463678240776
0.07640975713729858
0.07674659788608551
0.07592493295669556
0.07810589671134949
0.08310684561729431
0.07039619982242584
0.0834275335073471
0.08819255232810974
0.08645562827587128
0.07474743574857712
0.07776477187871933
0.06675060838460922
0.07412724196910858
0.0864890068769455
0.07304925471544266
0.07381504774093628
0.0761452317237854
0.07043987512588501
0.07748765498399734
0.06998588144779205
0.09215328097343445
0.07241962850093842
0.07728350907564163
0.0766439437866211
0.06773421168327332
0.06898146867752075
0.07699470221996307
0.11635570228099823
0.075168676674366
0.07530026137828827
0.07558754831552505
0.0678347647190094
0.0719611644744873
0.09009958803653717
0.08025656640529633
0.08408969640731812
0.07046079635620117
0.08648557960987091
0.06833638995885849
0.06514385342597961
0.06140358746051788
0.08942031115293503
0.0746549516916275
0.06590083986520767
0.06930522620677948
0.06988537311553955
0.0662473738193512
0.07234562933444977
0.08820085972547531
0.0945732593536377
0.07646887004375458
0.07431729882955551
0.08523889631032944
0.07057464867830276
0.06730405986309052
0.08653681725263596
0.07672782987356186
0.0750148594379425
0.07059789448976517
0.07393020391464233
0.07444174587726593
0.06633739173412323
0.08146938681602478
0.07823524624109268
0.07901231944561005
0.08963526785373688
0.07225744426250458
0.08278799057006836
0.06932593882083893
0.08543320745229721
0.06871551275253296
0.07447893917560577
0.07994674146175385
0.09538643062114716
0.06630687415599823
0.07306534051895142
0.07829959690570831
0.07258020341396332
0.0704975351691246
0.0773548111319542
0.06900546699762344
0.06549300253391266
0.06806901097297668
0.08967283368110657
0.06621772050857544
0.06718035787343979
0.10010924935340881
0.07733921706676483
0.08846616744995117
0.07764190435409546
0.16416732966899872
0.07527876645326614
0.07813845574855804
0.07787960767745972
0.07320809364318848
0.07553628087043762
0.07403820753097534
0.08668352663516998
0.06947377324104309
0.07087518274784088
0.07596487551927567
0.06574566662311554
0.08425776660442352
0.06736477464437485
0.10934610664844513
0.08520948886871338
0.07882124930620193
0.07416301965713501
0.062302738428115845
0.06247297674417496
0.06838072836399078
0.10573218762874603
0.0812872052192688
0.06791187077760696
0.06758081912994385
0.06281886994838715
0.07226549088954926
0.0728759691119194
0.1007351502776146
0.08441700041294098
0.06970816850662231
0.07134847342967987
0.07082332670688629
0.07206407934427261
0.06616673618555069
0.11662463843822479
0.06865526735782623
0.06697800010442734
0.06930820643901825
0.08512906730175018
0.07922481000423431
0.07733772695064545
0.07964183390140533
0.07240864634513855
0.06380169093608856
0.061888959258794785
0.0746927410364151
0.06858627498149872
0.08806490153074265
0.06975238025188446
0.06705296784639359
0.06398920714855194
0.06117787957191467
0.061257362365722656
0.058847855776548386
0.06654371321201324
0.08933830261230469
0.07059456408023834
0.07261878252029419
0.065829336643219
0.06348675489425659
0.0681958869099617
0.06915080547332764
0.07887358218431473
0.08022582530975342
0.07519666850566864
0.07392865419387817
0.08029197156429291
0.06915656477212906
0.06327947974205017
0.07196812331676483
0.0700608491897583
0.07045311480760574
0.07376248389482498
0.06370380520820618
0.0748000219464302
0.06371740996837616
0.09756158292293549
0.06472368538379669
0.06492769718170166
0.06388861685991287
0.07068988680839539
0.07677807658910751
0.0693853348493576
0.08233216404914856
0.08207614719867706
0.0733167827129364
0.0670035257935524
0.06306496262550354
0.058087389916181564
0.06522612273693085
0.08736221492290497
0.06510844826698303
0.09694447368383408
0.07105331122875214
0.06415184587240219
0.05691972374916077
0.06602205336093903
0.08006581664085388
0.07410693168640137
0.06742510944604874
0.07049686461687088
0.06353598833084106
0.056582819670438766
0.07313630729913712
0.11001437902450562
0.06793619692325592
0.06684653460979462
0.06690043956041336
0.06539121270179749
0.08035477250814438
0.07173687219619751
0.06798423081636429
0.06457266211509705
0.0695486068725586
0.06591293215751648
0.062135785818099976
0.06747046113014221
0.06031397730112076
0.08914214372634888
0.07417908310890198
0.06353649497032166
0.0615861676633358
0.07312729209661484
0.05443341284990311
0.06465519964694977
0.06750420480966568
0.06792643666267395
0.06275203078985214
0.05990871042013168
0.059393495321273804
0.06562677770853043
0.05993830785155296
0.10609292984008789
0.07431982457637787
0.07443179190158844
0.07670694589614868
0.07269755005836487
0.06853854656219482
0.07213957607746124
0.09579172730445862
0.07334259152412415
0.06335507333278656
0.06535078585147858
0.07097376137971878
0.07414740324020386
0.05650994926691055
0.11917861551046371
0.08072064816951752
0.08442828059196472
0.06899191439151764
0.06272631883621216
0.056760333478450775
0.06781433522701263
0.09477649629116058
0.06460629403591156
0.057313960045576096
0.06702037155628204
0.06355735659599304
0.057861682027578354
0.07451330125331879
0.1294708102941513
0.07130089402198792
0.06638310849666595
0.06542905420064926
0.06901039928197861
0.06979011744260788
0.07339956611394882
0.06688416004180908
0.0751366838812828
0.06190156564116478
0.057022687047719955
0.062394797801971436
0.09492384642362595
0.07018660753965378
0.10542480647563934
0.07051392644643784
0.06948506087064743
0.060751017183065414
0.06357746571302414
0.062077101320028305
0.06141860410571098
0.08995968103408813
0.06706548482179642
0.06540942192077637
0.06808890402317047
0.06244828552007675
0.07198365032672882
0.07920373231172562
0.0799294263124466
0.06274910271167755
0.06650674343109131
0.06895092129707336
0.06973425298929214
0.06147901341319084
0.06474300473928452
0.073692187666893
0.06951210647821426
0.06075505539774895
0.0695742592215538
0.06191254407167435
0.07031279057264328
0.07800205051898956
0.08185543119907379
0.06502819061279297
0.0624103844165802
0.06814897805452347
0.0891907662153244
0.07162244617938995
0.06726080179214478
0.07223038375377655
0.06570412963628769
0.061987053602933884
0.08110222220420837
0.07835834473371506
0.06689563393592834
0.060907211154699326
0.08658817410469055
0.06324879080057144
0.06136367842555046
0.08056755363941193
0.0654650628566742
0.06268376111984253
0.06717945635318756
0.08716903626918793
0.0595637708902359
0.06321995705366135
0.07772312313318253
0.06551584601402283
0.06616400182247162
0.06329621374607086
0.07871798425912857
0.06737533956766129
0.06795430183410645
0.06849130988121033
0.06040343642234802
0.05717318877577782
0.06308373063802719
0.13191533088684082
0.07784789055585861
0.07475220412015915
0.06303712725639343
0.06553544104099274
0.057749614119529724
0.054575324058532715
0.08644312620162964
0.07713190466165543
0.06432875990867615
0.08322720974683762
0.062240034341812134
0.06296738237142563
0.06174752861261368
0.0755387619137764
0.060449179261922836
0.0685514286160469
0.0744253545999527
0.06526201963424683
0.0647018551826477
0.06688664853572845
0.07654599100351334
0.06074332445859909
0.052683230489492416
0.06440819799900055
0.06672949343919754
0.060142021626234055
0.059263378381729126
0.0714874193072319
0.0604177787899971
0.061796706169843674
0.07410478591918945
0.07006417959928513
0.06349749863147736
0.07559321820735931
0.08252838253974915
0.06167607754468918
0.06298758834600449
0.05592367798089981
0.05862830579280853
0.0753324031829834
0.06388632953166962
0.0639185756444931
0.05312523990869522
0.05609910190105438
0.07418140023946762
0.05775037035346031
0.05975591763854027
0.06088952347636223
0.07401089370250702
0.08268508315086365
0.06575365364551544
0.05448257923126221
0.05442813038825989
0.07410502433776855
0.05489521473646164
0.07437662780284882
0.06858170032501221
0.062265463173389435
0.06855236738920212
0.06032300740480423
0.05794620141386986
0.05700357258319855
0.07990627735853195
0.06048260256648064
0.061080452054739
0.06903936713933945
0.061502572149038315
0.06698845326900482
0.06816589832305908
0.07442492991685867
0.06388310343027115
0.05634612590074539
0.05304419621825218
0.05312245339155197
0.05946541577577591
0.05498160421848297
0.06742697954177856
0.05504118651151657
0.05590876191854477
0.07404802739620209
0.05628206953406334
0.057045962661504745
0.05964265763759613
0.07674510776996613
0.05828266963362694
0.05626845359802246
0.05350068211555481
0.07495026290416718
0.0625838190317154
0.054234545677900314
0.07350225746631622
0.061284761875867844
0.06415172666311264
0.06641991436481476
0.06974643468856812
0.05731277912855148
0.05577128753066063
0.06617335230112076
0.060815148055553436
0.05965445563197136
0.0628839060664177
0.04912082478404045
0.06006484478712082
0.059840139001607895
0.0797765702009201
0.05409828573465347
0.06114387512207031
0.057161279022693634
0.05976110324263573
0.054235707968473434
0.09238751232624054
0.07647573947906494
0.06717051565647125
0.060518473386764526
0.06776162981987
0.06298863142728806
0.06213153526186943
0.06792482733726501
0.09900788962841034
0.0590469092130661
0.06753169000148773
0.06425231695175171
0.06680089980363846
0.052721329033374786
0.063515305519104
0.0929015502333641
0.06020385026931763
0.058921393007040024
0.06105158478021622
0.057810358703136444
0.06197691708803177
0.05296724662184715
0.06847942620515823
0.06729011237621307
0.058231499046087265
0.05608803778886795
0.05636099725961685
0.05050503835082054
0.054816536605358124
0.06739920377731323
0.06418456882238388
0.052455708384513855
0.05965131148695946
0.0566367581486702
0.05642087757587433
0.06143481656908989
0.07874160259962082
0.05974830314517021
0.06145226210355759
0.056934043765068054
0.05996890366077423
0.06215071305632591
0.053117938339710236
0.07472390681505203
0.064372718334198
0.06665417551994324
0.06542285531759262
0.06851093471050262
0.05633581802248955
0.0540967658162117
0.10863357037305832
0.05269157513976097
0.06468332558870316
0.05985505133867264
0.05459989607334137
0.06902754306793213
0.06411655992269516
0.06769073009490967
0.05726440250873566
0.0626322329044342
0.060731515288352966
0.06811260432004929
0.050519924610853195
0.05558088421821594
0.07305937260389328
0.0555635541677475
0.056945931166410446
0.05692385137081146
0.0628514289855957
0.06144223362207413
0.06022441014647484
0.11876340210437775
0.0651281327009201
0.06718549132347107
0.06221408769488335
0.07182228565216064
0.07958872616291046
0.07107388973236084
0.08272884786128998
0.06606718897819519
0.05897195264697075
0.051491618156433105
0.060700129717588425
0.0706762820482254
0.05475246161222458
0.06575024127960205
0.06256838142871857
0.06527695059776306
0.058001384139060974
0.060122787952423096
0.060644980520009995
0.05456387251615524
0.0673501119017601
0.06563714146614075
0.055743034929037094
0.05372842401266098
0.05171915143728256
0.06159466132521629
0.053178779780864716
0.05476013943552971
0.0555197075009346
0.05202470347285271
0.053639333695173264
0.05790121853351593
0.08947741985321045
0.06373903155326843
0.08429240435361862
0.051354654133319855
0.060091327875852585
0.05940757691860199
0.05719508230686188
0.0596439503133297
0.05189032107591629
0.07423605769872665
0.058225810527801514
0.05127759277820587
0.07349977642297745
0.055089518427848816
0.060306698083877563
0.055296480655670166
0.06050395965576172
0.0843791589140892
0.06167134270071983
0.055981528013944626
0.05029767379164696
0.05389513820409775
0.05459342524409294
0.05600280314683914
0.050098344683647156
0.06247568875551224
0.06094731390476227
0.05293416604399681
0.06402304768562317
0.06257390975952148
0.09171297401189804
0.06719532608985901
0.05877257138490677
0.06323488056659698
0.054421618580818176
0.059021271765232086
0.0566478930413723
0.06444237381219864
0.052137311547994614
0.06615349650382996
0.05504467338323593
0.05499681085348129
0.056076712906360626
0.05325610935688019
0.0722830593585968
0.07282352447509766
0.05326385796070099
0.0544196292757988
0.059878867119550705
0.05123221501708031
0.048893313854932785
0.05925808101892471
0.05678671598434448
0.05696304887533188
0.055689822882413864
0.046624474227428436
0.06328558921813965
0.05387916415929794
0.059756603091955185
0.04904205724596977
0.051837675273418427
0.04900740087032318
0.06062846630811691
0.04941890388727188
0.06384468078613281
0.06199098378419876
0.05309366434812546
0.06467790901660919
0.05179929733276367
0.05677201598882675
0.05865028128027916
0.05345362424850464
0.07991478592157364
0.06325699388980865
0.05502393841743469
0.054040487855672836
0.0565037839114666
0.05515608191490173
0.0541926771402359
0.07208897918462753
0.051536690443754196
0.05225206911563873
0.0633103996515274
0.05415189266204834
0.05692165344953537
0.052989475429058075
0.0768742710351944
0.07798586785793304
0.06475820392370224
0.0766143798828125
0.059874504804611206
0.05418696254491806
0.05144196376204491
0.06245411932468414
0.05520515888929367
0.05272069200873375
0.05268799886107445
0.05471133813261986
0.057474177330732346
0.05545622855424881
0.06255236268043518
0.06636344641447067
0.04849596321582794
0.05384824424982071
0.05621319264173508
0.07372751832008362
0.05516078323125839
0.06178729981184006
0.05209830030798912
0.05204077810049057
0.07950679957866669
0.06023692712187767
0.05952022224664688
0.050560757517814636
0.05597428232431412
0.053874559700489044
0.0474359355866909
0.05687428638339043
0.05681044980883598
0.04847383126616478
0.0571783147752285
0.07698759436607361
0.05432646721601486
0.05009832605719566
0.055607881397008896
0.05586867779493332
0.05184131860733032
0.04718770086765289
0.05884360894560814
0.05167713016271591
0.06603416800498962
0.0471954420208931
0.05464526638388634
0.05846446752548218
0.05529225990176201
0.0672149732708931
0.05720978230237961
0.05542076379060745
0.057767875492572784
0.05011868476867676
0.04869527369737625
0.05024120956659317
0.07811980694532394
0.04587685316801071
0.06485259532928467
0.04863922297954559
0.047569528222084045
0.049128398299217224
0.047695405781269073
0.061489298939704895
0.05459102988243103
0.048378169536590576
0.05161392688751221
0.047322582453489304
0.05681893974542618
0.05493197962641716
0.08473914861679077
0.0659152939915657
0.06283939629793167
0.06660546362400055
0.05570679530501366
0.06397231668233871
0.0518641397356987
0.05177152156829834
0.04813399538397789
0.05768299102783203
0.05152679979801178
0.05267774686217308
0.048298321664333344
0.05388101935386658
0.07863767445087433
0.056365177035331726
0.06289012730121613
0.048117391765117645
0.05783921480178833
0.060736268758773804
0.053525250405073166
0.06904914975166321
0.04973159730434418
0.05222359299659729
0.04936302453279495
0.05004073679447174
0.05218346044421196
0.05633140727877617
0.05764482915401459
0.05839235708117485
0.0523838996887207
0.05289076268672943
0.049512218683958054
0.053278159350156784
0.057125650346279144
0.10276897996664047
0.058962397277355194
0.05217098817229271
0.06300616264343262
0.052828289568424225
0.06244683265686035
0.04914587736129761
0.07123761624097824
0.05683194100856781
0.04583841189742088
0.05184326320886612
0.0607273131608963
0.05326879024505615
0.04866410046815872
0.07163466513156891
0.05051080882549286
0.059402402490377426
0.05145030841231346
0.06226862594485283
0.06816191971302032
0.05111148580908775
0.08338950574398041
0.05611199140548706
0.05578580126166344
0.057446788996458054
0.051384299993515015
0.051491543650627136
0.054414525628089905
0.07577428221702576
0.05157516896724701
0.055494628846645355
0.049664925783872604
0.05283524841070175
0.051650166511535645
0.05264733359217644
0.06402991712093353
0.06031548231840134
0.049688857048749924
0.08560248464345932
0.053766634315252304
0.06055286526679993
0.05241210758686066
0.09932379424571991
0.05652604252099991
0.05119852349162102
0.05102789029479027
0.05542095750570297
0.050322290509939194
0.050589896738529205
0.09179553389549255
0.050656434148550034
0.0483306348323822
0.05575741082429886
0.05287468433380127
0.049895428121089935
0.058648936450481415
0.07495301961898804
0.058890849351882935
0.054099004715681076
0.053040869534015656
0.04633179306983948
0.052015211433172226
0.05912957713007927
0.07326628267765045
0.05228114873170853
0.06045325845479965
0.051353782415390015
0.05927860736846924
0.0505286268889904
0.058985523879528046
0.07101687788963318
0.0509772002696991
0.05855914577841759
0.046725451946258545
0.052016325294971466
0.05142800137400627
0.05555398762226105
0.08155534416437149
0.05700713396072388
0.05519638955593109
0.05028948187828064
0.04925276339054108
0.052461177110672
0.06232912093400955
0.05293244868516922
0.046474020928144455
0.05740455538034439
0.060174040496349335
0.052465684711933136
0.056488897651433945
0.05126533657312393
0.07058499753475189
0.04835652932524681
0.05143539607524872
0.06496869772672653
0.04712273180484772
0.06398226320743561
0.058320678770542145
0.14965276420116425
0.06462351977825165
0.0689430758357048
0.06082826107740402
0.06676219403743744
0.06125934422016144
0.058022961020469666
0.05228370428085327
0.04947524890303612
0.05881235748529434
0.05009187012910843
0.05159994587302208
0.055229783058166504
0.05277777463197708
0.06147828325629234
0.05526680499315262
0.04615676403045654
0.052529316395521164
0.04809994623064995
0.0485856793820858
0.055725496262311935
0.06816687434911728
0.05790623277425766
0.04609955474734306
0.04577339440584183
0.04796955734491348
0.0490182600915432
0.047169383615255356
0.054128970950841904
0.060581427067518234
0.055800508707761765
0.044711463153362274
0.055721934884786606
0.04421500489115715
0.061274245381355286
0.09713828563690186
0.0538518950343132
0.04814029484987259
0.04553002119064331
0.051937829703092575
0.05242740362882614
0.04506981000304222
0.07319682091474533
0.04369507357478142
0.04737543687224388
0.05095731467008591
0.056636229157447815
0.05572820454835892
0.04667241871356964
0.09341505169868469
0.05103649944067001
0.06251593679189682
0.0536627322435379
0.04642631858587265
0.047613292932510376
0.04844534024596214
0.05865003913640976
0.06022021174430847
0.05036253482103348
0.04728806018829346
0.07440855354070663
0.04873444885015488
0.052282195538282394
0.06084081530570984
0.053543057292699814
0.05294422060251236
0.05779273435473442
0.04937928915023804
0.04636561498045921
0.04957606643438339
0.0614628940820694
0.04711079224944115
0.04367978498339653
0.04322970658540726
0.050002168864011765
0.05135789513587952
0.050277046859264374
0.071538046002388
0.05038798600435257
0.04711538180708885
0.04806310683488846
0.049507804214954376
0.04986830800771713
0.044273387640714645
0.08032847940921783
0.0713273286819458
0.05528901144862175
0.04674343019723892
0.04673391208052635
0.06718385964632034
0.05295170098543167
0.06290481984615326
0.048005472868680954
0.05267840251326561
0.04489842802286148
0.05580618977546692
0.05075358971953392
0.05467606708407402
0.08346964418888092
0.055243030190467834
0.04780999943614006
0.04603056237101555
0.04439624771475792
0.04585076868534088
0.05565740168094635
0.048450857400894165
0.06949693709611893
0.049079976975917816
0.048755668103694916
0.05282752215862274
0.06502248346805573
0.055941417813301086
0.06870058178901672
0.053548648953437805
0.054786309599876404
0.056066762655973434
0.05532320961356163
0.04608946666121483
0.053505789488554
0.05603134259581566
0.06258444488048553
0.04954735189676285
0.053961023688316345
0.048379331827163696
0.0460258387029171
0.04672495275735855
0.09380580484867096
0.04945624619722366
0.04542308300733566
0.04564238339662552
0.0509355291724205
0.04810372740030289
0.04439442604780197
0.052478592842817307
0.04732692986726761
0.052561964839696884
0.04423689469695091
0.06377378106117249
0.04750208184123039
0.039125293493270874
0.09593113511800766
0.05526139959692955
0.0557243674993515
0.052785180509090424
0.04845213145017624
0.04829974099993706
0.04333656653761864
0.06806862354278564
0.05992598459124565
0.05206577479839325
0.056496378034353256
0.05524052679538727
0.0623963326215744
0.04766460880637169
0.09067832678556442
0.053600065410137177
0.045605920255184174
0.044231101870536804
0.05529534071683884
0.05289904773235321
0.042206794023513794
0.05392907187342644
0.062291696667671204
0.055471789091825485
0.05225727707147598
0.05510394275188446
0.04416254162788391
0.04739585146307945
0.12485130876302719
0.04960352182388306
0.04600898176431656
0.05143219232559204
0.05561172589659691
0.06372745335102081
0.04800090938806534
0.051304157823324203
0.058566294610500336
0.047597452998161316
0.05204577371478081
0.050365231931209564
0.04876845329999924
0.054016657173633575
0.06817854195833206
0.05505061149597168
0.043974436819553375
0.04775746166706085
0.04603223502635956
0.047971777617931366
0.0578380823135376
0.05866914615035057
0.04578302428126335
0.055448584258556366
0.049639686942100525
0.04782141000032425
0.05443746969103813
0.0667324885725975
0.07298173010349274
0.05961619317531586
0.052029289305210114
0.049988459795713425
0.04639006778597832
0.059957630932331085
0.049252476543188095
0.055262960493564606
0.048549335449934006
0.05134987831115723
0.06307273358106613
0.048794448375701904
0.0498509407043457
0.04944217950105667
0.08831281960010529
0.04498913511633873
0.053057800978422165
0.049922432750463486
0.04812253639101982
0.059482745826244354
0.05116858333349228
0.0621146634221077
0.05905485898256302
0.0550093799829483
0.0494338721036911
0.05334880203008652
0.05915252864360809
0.05939384549856186
0.05782894790172577
0.050217367708683014
0.05351261422038078
0.04781319946050644
0.04417228698730469
0.04771606624126434
0.05590541288256645
0.06791327148675919
0.05269415304064751
0.04368893802165985
0.049436282366514206
0.046944551169872284
0.04635630548000336
0.050759151577949524
0.057895347476005554
0.04921291023492813
0.05446534603834152
0.04824480414390564
0.0421629473567009
0.043922197073698044
0.053432971239089966
0.05956996604800224
0.04630687087774277
0.06212065741419792
0.0525163970887661
0.05488592013716698
0.047716107219457626
0.04648298770189285
0.09560316801071167
0.054559312760829926
0.045005254447460175
0.05414695292711258
0.0449133962392807
0.047181349247694016
0.061940066516399384
0.054695263504981995
0.047049470245838165
0.0454181507229805
0.0437447689473629
0.05815880000591278
0.05119890719652176
0.04860301315784454
0.0753767341375351
0.0455288402736187
0.04625750705599785
0.0455511175096035
0.053018249571323395
0.049213510006666183
0.05359921604394913
0.0514843724668026
0.04360868036746979
0.04333225637674332
0.05019738897681236
0.04517985135316849
0.04551590606570244
0.056337080895900726
0.06628222018480301
0.04747992381453514
0.04742780327796936
0.0463569276034832
0.04722872003912926
0.052121542394161224
0.04858575761318207
0.0572446845471859
0.045548468828201294
0.052412666380405426
0.06256023049354553
0.056065574288368225
0.046667344868183136
0.04583091288805008
0.06472805887460709
0.044207148253917694
0.043889448046684265
0.04972563683986664
0.040154751390218735
0.05087500065565109
0.0619189515709877
0.07971829921007156
0.049553897231817245
0.044595301151275635
0.05268494039773941
0.05090996250510216
0.04509883373975754
0.05037079378962517
0.04951094090938568
0.04999609291553497
0.042623862624168396
0.04813078045845032
0.05188080295920372
0.047130659222602844
0.052374064922332764
0.0620710514485836
0.04267915338277817
0.04532640799880028
0.04397008568048477
0.04856986925005913
0.0442708283662796
0.061789434403181076
0.07089480757713318
0.044014111161231995
0.05754460021853447
0.06231965869665146
0.050011955201625824
0.05483425781130791
0.06158918887376785
0.04226366803050041
0.039379656314849854
0.05487129092216492
0.050047941505908966
0.048385992646217346
0.05469130724668503
0.07065791636705399
0.0694090723991394
0.04518343508243561
0.045165788382291794
0.047248005867004395
0.04747208207845688
0.04506359621882439
0.04939388856291771
0.10598459094762802
0.05191437900066376
0.06194273754954338
0.04718167707324028
0.04539228975772858
0.04570130631327629
0.04911915212869644
0.04900746047496796
0.05090973898768425
0.0533420592546463
0.05508975312113762
0.043932925909757614
0.04428471624851227
0.056234657764434814
0.0696166604757309
0.056094810366630554
0.051973335444927216
0.05063704773783684
0.0493931919336319
0.04885585606098175
0.04908542335033417
0.05393945798277855
0.045899730175733566
0.05098316818475723
0.046555351465940475
0.05674780532717705
0.0446300283074379
0.04116038978099823
0.084306500852108
0.04521586000919342
0.04852230101823807
0.049452364444732666
0.04862598702311516
0.045417651534080505
0.04071345180273056
0.08579611778259277
0.05982594937086105
0.04691675305366516
0.04465717822313309
0.04718710482120514
0.04802774637937546
0.04597359895706177
0.052828237414360046
0.05105018615722656
0.044639702886343
0.04313340410590172
0.041878558695316315
0.042245618999004364
0.05330980569124222
0.059200018644332886
0.04327883571386337
0.057379331439733505
0.042524151504039764
0.045035429298877716
0.04017968475818634
0.05156522989273071
0.04287957772612572
0.04875054210424423
0.05650228261947632
0.044651515781879425
0.05107538029551506
0.04423309862613678
0.045568980276584625
0.06024092063307762
0.04698990285396576
0.052369117736816406
0.04737774282693863
0.05516539141535759
0.04544271156191826
0.04314019903540611
0.07925282418727875
0.05250171571969986
0.044300731271505356
0.046746738255023956
0.04197234660387039
0.045723479241132736
0.04854230210185051
0.057692207396030426
0.041400402784347534
0.047849707305431366
0.05196378380060196
0.05401749908924103
0.04716645926237106
0.05220211297273636
0.06472499668598175
0.05152019485831261
0.05756046995520592
0.05468890070915222
0.055664047598838806
0.051932837814092636
0.0473637692630291
0.05004659295082092
0.0461888462305069
0.04347952455282211
0.053661029785871506
0.05459251254796982
0.0438617579638958
0.04848155379295349
0.05350572615861893
0.05157571658492088
0.03877466544508934
0.046085841953754425
0.04527962952852249
0.04075279086828232
0.046865642070770264
0.051591500639915466
0.046436380594968796
0.0605662576854229
0.04474654793739319
0.04519324749708176
0.04159405454993248
0.052599113434553146
0.06637320667505264
0.0517166368663311
0.04421992227435112
0.05479764938354492
0.04476939141750336
0.04995919391512871
0.04198691248893738
0.09967775642871857
0.04389398545026779
0.06426914036273956
0.041587844491004944
0.046804532408714294
0.04531579464673996
0.047782596200704575
0.06561854481697083
0.053175002336502075
0.05208594724535942
0.045873627066612244
0.05367029830813408
0.04568354785442352
0.061033569276332855
0.05173829197883606
0.04886472970247269
0.042674653232097626
0.04279344528913498
0.04277357459068298
0.05477626621723175
0.04724293574690819
0.07297490537166595
0.052382342517375946
0.051968611776828766
0.04725092649459839
0.04410593956708908
0.04829918593168259
0.047496914863586426
0.06716815382242203
0.04693182557821274
0.054339103400707245
0.04392961785197258
0.04685419797897339
0.051959216594696045
0.04944167286157608
0.04688376188278198
0.05041607841849327
0.04314446449279785
0.04581845924258232
0.0487343966960907
0.0495280995965004
0.05606290325522423
0.05333409830927849
0.04888184368610382
0.040010157972574234
0.04713484272360802
0.053948815912008286
0.04586292803287506
0.04466259106993675
0.058870188891887665
0.057108841836452484
0.05156426131725311
0.04676380008459091
0.05126829445362091
0.0513368658721447
0.05998736619949341
0.06316991150379181
0.0471409410238266
0.040980443358421326
0.04400300607085228
0.04054434597492218
0.042364008724689484
0.050410620868206024
0.05652206391096115
0.03997570276260376
0.053723812103271484
0.04597330093383789
0.0540999099612236
0.04675610363483429
0.05123893544077873
0.05637401342391968
0.041687972843647
0.0396895594894886
0.04301602393388748
0.04714231193065643
0.047309763729572296
0.04804933816194534
0.06997036188840866
0.040579117834568024
0.048845790326595306
0.03819771483540535
0.04597333073616028
0.04539196193218231
0.040999893099069595
0.05724325403571129
0.041341349482536316
0.04727623611688614
0.049178048968315125
0.056354932487010956
0.04698459059000015
0.04163273796439171
0.059387173503637314
0.055841173976659775
0.04066663607954979
0.04209910333156586
0.04060645401477814
0.04461216181516647
0.0458451509475708
0.061797671020030975
0.04156915843486786
0.04500950127840042
0.04998265206813812
0.04641158878803253
0.04146621748805046
0.0432407483458519
0.07312290370464325
0.04203439876437187
0.041872523725032806
0.04588155448436737
0.03862087428569794
0.06183897703886032
0.044165968894958496
0.06387375295162201
0.04373253509402275
0.040965598076581955
0.04719453677535057
0.040203798562288284
0.03992428258061409
0.04022287577390671
0.06621313095092773
0.04652014374732971
0.035434164106845856
0.03818877041339874
0.04094861447811127
0.04138943552970886
0.038839757442474365
0.04994175583124161
0.045358579605817795
0.049035098403692245
0.047245245426893234
0.044438041746616364
0.050753556191921234
0.04796808212995529
0.061816684901714325
0.03877484053373337
0.05090578645467758
0.051813602447509766
0.045294031500816345
0.04965795576572418
0.04787884280085564
0.054635073989629745
0.04784549027681351
0.048838429152965546
0.04853222891688347
0.06165189668536186
0.059527717530727386
0.05423334985971451
0.08855124562978745
0.046828821301460266
0.04131272807717323
0.044872038066387177
0.04020703583955765
0.044131696224212646
0.04522363469004631
0.06649234890937805
0.044891998171806335
0.04850964993238449
0.042933396995067596
0.05461201071739197
0.0522269569337368
0.04712506756186485
0.06331665813922882
0.03855384886264801
0.044053539633750916
0.04013519361615181
0.04370474815368652
0.051187291741371155
0.04624175652861595
0.05438061058521271
0.051515575498342514
0.0521790087223053
0.052882805466651917
0.047328703105449677
0.04349302500486374
0.04420992732048035
0.04719189926981926
0.04893079027533531
0.04796364903450012
0.04804862290620804
0.038563914597034454
0.04279014468193054
0.04262568801641464
0.053361788392066956
0.042142897844314575
0.044840168207883835
0.04368288069963455
0.04568687826395035
0.058303188532590866
0.04087892547249794
0.04633476585149765
0.04699474573135376
0.04724657163023949
0.04307885468006134
0.04214171692728996
0.05436398833990097
0.048405349254608154
0.050272177904844284
0.04384608566761017
0.04832229018211365
0.04829708859324455
0.034556590020656586
0.04604419693350792
0.05774717032909393
0.06427869200706482
0.04197967052459717
0.04425759240984917
0.04597674310207367
0.04134799540042877
0.052266113460063934
0.04159471392631531
0.05826796218752861
0.039514441043138504
0.058661311864852905
0.053303904831409454
0.04342126101255417
0.04467806965112686
0.057889074087142944
0.047757264226675034
0.04349798709154129
0.05130518227815628
0.051601335406303406
0.05050317198038101
0.04059942811727524
0.046055641025304794
0.05396503210067749
0.05140773952007294
0.04381559416651726
0.04145719110965729
0.05389171466231346
0.05504463613033295
0.04919455945491791
0.05493877828121185
0.04463960975408554
0.042612724006175995
0.04475472867488861
0.03912031650543213
0.04248058423399925
0.039386384189128876
0.058913301676511765
0.047541141510009766
0.04563803970813751
0.04101733863353729
0.040704160928726196
0.03830890357494354
0.038574837148189545
0.047669123858213425
0.05796884000301361
0.04233458638191223
0.04276087135076523
0.0412917360663414
0.038876987993717194
0.038338787853717804
0.06646064668893814
0.04280754551291466
0.047409988939762115
0.052061595022678375
0.04822280630469322
0.05289600044488907
0.04379960522055626
0.05945674702525139
0.04645991325378418
0.047026004642248154
0.044066376984119415
0.05139394849538803
0.040200356394052505
0.038446664810180664
0.04742295295000076
0.04129604622721672
0.04216049611568451
0.035953372716903687
0.039615705609321594
0.04234734922647476
0.044809963554143906
0.07230079174041748
0.04287157952785492
0.057264234870672226
0.0456157922744751
0.044358327984809875
0.04488278925418854
0.04417412728071213
0.04946131259202957
0.048316262662410736
0.036786504089832306
0.056366946548223495
0.05174446851015091
0.047731976956129074
0.04639178141951561
0.049113668501377106
0.04886327311396599
0.044346343725919724
0.04593890905380249
0.04399348795413971
0.04065331444144249
0.03817331790924072
0.07401634007692337
0.04543327912688255
0.044622790068387985
0.04343143850564957
0.04889829084277153
0.04008195176720619
0.04526544734835625
0.06427069753408432
0.04031356796622276
0.04439105838537216
0.049714066088199615
0.056494902819395065
0.04245974123477936
0.04796719178557396
0.05899887531995773
0.055988725274801254
0.04424985870718956
0.054534442722797394
0.053812187165021896
0.04369233548641205
0.045706674456596375
0.08625929057598114
0.047951530665159225
0.04071415960788727
0.057275280356407166
0.060001909732818604
0.045253779739141464
0.0463494136929512
0.053074758499860764
0.04281441122293472
0.05258243530988693
0.049816783517599106
0.04381881654262543
0.04840848967432976
0.037302255630493164
0.04674134403467178
0.040770046412944794
0.04191511496901512
0.05371568351984024
0.05147868022322655
0.04464016109704971
0.046298205852508545
0.04774264991283417
0.04392218217253685
0.052516303956508636
0.04238969832658768
0.039838798344135284
0.04222515970468521
0.03590989112854004
0.07934027910232544
0.0570424348115921
0.042716484516859055
0.05185745283961296
0.05514955148100853
0.04517268389463425
0.04762864112854004
0.05453082546591759
0.05094633251428604
0.04496033117175102
0.05857853591442108
0.039577241986989975
0.05034567043185234
0.04492761194705963
0.056275613605976105
0.041154421865940094
0.037857428193092346
0.03911764174699783
0.03923964127898216
0.04838947951793671
0.041689999401569366
0.06343156844377518
0.05629560351371765
0.05173436552286148
0.04513093829154968
0.03962382674217224
0.0419018492102623
0.049415022134780884
0.07528391480445862
0.038125909864902496
0.038981832563877106
0.03889700770378113
0.04357291758060455
0.04053790867328644
0.043137408792972565
0.04858340322971344
0.04264708608388901
0.042544715106487274
0.042975571006536484
0.05113755911588669
0.04729220271110535
0.044222380965948105
0.040903277695178986
0.03593479096889496
0.04832325130701065
0.044178858399391174
0.05028269439935684
0.04188833385705948
0.04696870595216751
0.0395825058221817
0.03935582563281059
0.05587558448314667
0.045158740133047104
0.0369793064892292
0.037131406366825104
0.043187953531742096
0.05656556785106659
0.04151686280965805
0.04057826101779938
0.03765764459967613
0.04380182549357414
0.046234823763370514
0.04503539204597473
0.09035884588956833
0.042963191866874695
0.04612009972333908
0.0425226166844368
0.03795761987566948
0.03788645192980766
0.04821942374110222
0.10100506991147995
0.042595915496349335
0.04886981472373009
0.05014954134821892
0.05011551082134247
0.044676341116428375
0.04520013928413391
0.059002697467803955
0.039546504616737366
0.04790797457098961
0.0505431592464447
0.04347869008779526
0.048894137144088745
0.03809225931763649
0.034768201410770416
0.042176391929388046
0.047606706619262695
0.04715676233172417
0.03957600146532059
0.04920431226491928
0.047405824065208435
0.06447680294513702
0.053351759910583496
0.03769241273403168
0.04357206076383591
0.042538516223430634
0.040378108620643616
0.04640388488769531
0.05386169254779816
0.04799118638038635
0.05753064155578613
0.0408497154712677
0.03414203226566315
0.04044944792985916
0.03752363845705986
0.052083536982536316
0.043218906968832016
0.04174176976084709
0.04582597315311432
0.041484858840703964
0.05062029883265495
0.049433112144470215
0.05557384341955185
0.05338790640234947
0.04613260552287102
0.0445609949529171
0.05259900540113449
0.04712989553809166
0.04719650372862816
0.045194756239652634
0.037299901247024536
0.04034252464771271
0.04709282144904137
0.04422120377421379
0.042058076709508896
0.0457889661192894
0.06006072089076042
0.038568515330553055
0.04687151312828064
0.06415697187185287
0.047968026250600815
0.04136098176240921
0.038611479103565216
0.06467291712760925
0.04330490529537201
0.04435845464468002
0.04067420959472656
0.042661406099796295
0.03912145644426346
0.047760650515556335
0.0686306357383728
0.04083913192152977
0.041996024549007416
0.0387386754155159
0.04877321049571037
0.04508548974990845
0.041234150528907776
0.05221426114439964
0.03963968902826309
0.04562652111053467
0.04841964691877365
0.06154591590166092
0.040728017687797546
0.038590576499700546
0.06349214911460876
0.04206437990069389
0.042717330157756805
0.04648878797888756
0.04289805889129639
0.03866560012102127
0.03956298530101776
0.06937717646360397
0.049454763531684875
0.046599358320236206
0.04575527459383011
0.04046575725078583
0.03872720152139664
0.04045889154076576
0.04313628375530243
0.04202411323785782
0.04529806599020958
0.059274204075336456
0.04220844805240631
0.043084483593702316
0.0368465818464756
0.05083494633436203
0.03945540636777878
0.04354928061366081
0.0417204424738884
0.04131899029016495
0.038515444844961166
0.04421837627887726
0.058413635939359665
0.04198679327964783
0.04368537291884422
0.04182073101401329
0.040375467389822006
0.045946598052978516
0.03677540645003319
0.08419214934110641
0.04558350890874863
0.04870080202817917
0.05118425190448761
0.04451322555541992
0.03792685642838478
0.042953502386808395
0.05939863622188568
0.04683079943060875
0.04036556929349899
0.03877773880958557
0.038804568350315094
0.03944467008113861
0.04574732109904289
0.05583534762263298
0.036442503333091736
0.04102647304534912
0.04665778577327728
0.04171375185251236
0.053067516535520554
0.03997329622507095
0.08163230121135712
0.043771859258413315
0.040391705930233
0.0406755656003952
0.038660019636154175
0.03938461095094681
0.04132644459605217
0.06593285501003265
0.0512617789208889
0.05924588069319725
0.040706124156713486
0.043463289737701416
0.04247669130563736
0.04193451628088951
0.0634114146232605
0.04939795285463333
0.045173220336437225
0.04326799511909485
0.03683064877986908
0.05361102148890495
0.042050883173942566
0.06830485165119171
0.049514736980199814
0.04388762265443802
0.0470961295068264
0.04617687314748764
0.0475960373878479
0.0437537245452404
0.051516592502593994
0.04740157350897789
0.041764192283153534
0.049350060522556305
0.0394347682595253
0.03660138323903084
0.03610615432262421
0.04818938300013542
0.04288714379072189
0.03681980073451996
0.03931592032313347
0.037314917892217636
0.04339665174484253
0.0443776473402977
0.051450710743665695
0.042912065982818604
0.038262516260147095
0.0575597882270813
0.04379179701209068
0.041786953806877136
0.0551394484937191
0.04342011734843254
0.039928942918777466
0.05439435690641403
0.03946368023753166
0.05265242978930473
0.047332070767879486
0.03755231201648712
0.06000057980418205
0.0563524030148983
0.04563175141811371
0.03977189213037491
0.03906850516796112
0.045043911784887314
0.041233450174331665
0.07097066938877106
0.050043411552906036
0.042801182717084885
0.03973247855901718
0.040389787405729294
0.047817617654800415
0.04095861315727234
0.056238844990730286
0.038228996098041534
0.04031927511096001
0.041173502802848816
0.035191118717193604
0.04479235038161278
0.0471702516078949
0.06331278383731842
0.043033309280872345
0.04506556689739227
0.04913423955440521
0.039644766598939896
0.04217804595828056
0.04623968526721001
0.04315869137644768
0.037990398705005646
0.04422500357031822
0.04629911482334137
0.042678214609622955
0.04145278036594391
0.05513722449541092
0.07621964067220688
0.04425187408924103
0.040796294808387756
0.037796489894390106
0.03975798189640045
0.04309692233800888
0.0420113131403923
0.051450055092573166
0.040858522057533264
0.04640810191631317
0.04269580543041229
0.0407966710627079
0.04094657301902771
0.04734153673052788
0.07722999900579453
0.041395194828510284
0.03627270460128784
0.039422787725925446
0.03940115123987198
0.04167821258306503
0.04580974578857422
0.13345623016357422
0.03819917142391205
0.039957884699106216
0.04259380325675011
0.046474989503622055
0.041523829102516174
0.03637188300490379
0.04323491454124451
0.04675950109958649
0.04031449556350708
0.060652732849121094
0.043595414608716965
0.06844273209571838
0.04063811153173447
0.06192661449313164
0.06021159887313843
0.04695716127753258
0.038288626819849014
0.061802517622709274
0.04571240767836571
0.04097215458750725
0.04356379434466362
0.037950217723846436
0.04216662794351578
0.03717102110385895
0.04266829416155815
0.03852349892258644
0.04021421819925308
0.04864402115345001
0.040169693529605865
0.040095046162605286
0.0385943241417408
0.038755472749471664
0.04467259347438812
0.03796577453613281
0.03968864679336548
0.038531988859176636
0.04253007099032402
0.03892802447080612
0.03550424799323082
0.05098741501569748
0.03911552205681801
0.04462866485118866
0.039982397109270096
0.0393952839076519
0.043216705322265625
0.04181940481066704
0.03709470480680466
0.038839440792798996
0.05098126828670502
0.034493833780288696
0.03629769757390022
0.03832460939884186
0.035280585289001465
0.055677689611911774
0.039000026881694794
0.06684669107198715
0.04956952482461929
0.05546204000711441
0.039253007620573044
0.03572455793619156
0.03721224516630173
0.0410299077630043
0.060813263058662415
0.05221579968929291
0.04180818051099777
0.04198708385229111
0.034917041659355164
0.03908789902925491
0.04021859169006348
0.050991348922252655
0.048499904572963715
0.05645149573683739
0.051669783890247345
0.04674024507403374
0.051847077906131744
0.05384363979101181
0.06288962066173553
0.06628264486789703
0.04238096624612808
0.037942469120025635
0.03469471260905266
0.04577839374542236
0.03929537162184715
0.045926954597234726
0.040962498635053635
0.03911828249692917
0.05697140097618103
0.04235699400305748
0.058184411376714706
0.050371717661619186
0.04469132423400879
0.04447107017040253
0.047007929533720016
0.03941597044467926
0.04234795272350311
0.03692068159580231
0.03736848384141922
0.06492665410041809
0.03872385621070862
0.043227385729551315
0.04254399985074997
0.038826070725917816
0.04427420347929001
0.0407663993537426
0.049157820641994476
0.04143056273460388
0.040406785905361176
0.03531641513109207
0.03653077036142349
0.03687254339456558
0.03822562098503113
0.04378945752978325
0.04759510979056358
0.037886254489421844
0.043549492955207825
0.038149408996105194
0.04202974587678909
0.04921312630176544
0.0416167750954628
0.03944804146885872
0.03640569746494293
0.036641739308834076
0.03882329910993576
0.04677019640803337
0.04466944560408592
0.06701931357383728
0.04011663794517517
0.03759058564901352
0.03476875647902489
0.05200599879026413
0.052151620388031006
0.04287657141685486
0.0635080635547638
0.044502295553684235
0.03565710783004761
0.03923109173774719
0.04275337979197502
0.03840801864862442
0.049012042582035065
0.05504627525806427
0.04461975395679474
0.03866967558860779
0.0363781563937664
0.03834197670221329
0.03941677510738373
0.049791838973760605
0.05397617444396019
0.03975605219602585
0.03637566417455673
0.044392913579940796
0.03643430024385452
0.040513262152671814
0.053868286311626434
0.04989677667617798
0.03723875433206558
0.0623445063829422
0.03985965996980667
0.039971139281988144
0.03342714160680771
0.04744512587785721
0.04678589105606079
0.03665091097354889
0.03974465653300285
0.03957141563296318
0.05076102912425995
0.04043303430080414
0.03709499165415764
0.05760413035750389
0.037624016404151917
0.04105382412672043
0.051199715584516525
0.04007372632622719
0.04388037323951721
0.04210120439529419
0.06763754040002823
0.04511105641722679
0.0344974510371685
0.039912715554237366
0.034774020314216614
0.03442339599132538
0.03806987404823303
0.061596617102622986
0.04076767712831497
0.05363626778125763
0.044766031205654144
0.043214231729507446
0.055103495717048645
0.046335987746715546
0.06898463517427444
0.04438735544681549
0.03690095245838165
0.03449343889951706
0.03411312401294708
0.03650512546300888
0.0370926558971405
0.04994652792811394
0.04092603176832199
0.03266414627432823
0.04270715266466141
0.04966719076037407
0.03999721631407738
0.049319587647914886
0.05274038016796112
0.040392547845840454
0.0450725331902504
0.03495213761925697
0.03847233206033707
0.045313816517591476
0.04100900515913963
0.038927510380744934
0.04332228749990463
0.04138863831758499
0.039853472262620926
0.0411488339304924
0.039294905960559845
0.042167216539382935
0.08783122897148132
0.04368819296360016
0.04815317317843437
0.03567437082529068
0.046092208474874496
0.03543807193636894
0.04251502454280853
0.09649764001369476
0.053170621395111084
0.04312604293227196
0.04253474622964859
0.047388240694999695
0.04240536689758301
0.03890116512775421
0.06429523229598999
0.05382571741938591
0.051593344658613205
0.03936796635389328
0.06328196823596954
0.04039796441793442
0.03839828073978424
0.0575370267033577
0.0378231480717659
0.040006764233112335
0.035596124827861786
0.03496745601296425
0.0353444367647171
0.0366457961499691
0.05045772343873978
0.04771384596824646
0.04493332654237747
0.03656650707125664
0.03388281166553497
0.04230017587542534
0.04454507678747177
0.06912220269441605
0.04486377537250519
0.04622136801481247
0.03867361694574356
0.044899098575115204
0.057425402104854584
0.042262136936187744
0.06150064617395401
0.04316585510969162
0.04640662670135498
0.04512588307261467
0.041641511023044586
0.038388125598430634
0.052444927394390106
0.05749994143843651
0.044445108622312546
0.04055435210466385
0.05358079820871353
0.03734332695603371
0.051007457077503204
0.03530285134911537
0.04647579789161682
0.04463125765323639
0.04525204002857208
0.03847556561231613
0.04329169914126396
0.05049360916018486
0.04106401652097702
0.054582636803388596
0.042025044560432434
0.053512632846832275
0.03985567390918732
0.03831921145319939
0.03705252707004547
0.04115455970168114
0.08448770642280579
0.0483110249042511
0.04451014846563339
0.047090452164411545
0.04296034201979637
0.04222162067890167
0.04625149816274643
0.04737766832113266
0.03670107200741768
0.03799111396074295
0.04204264283180237
0.04282421991229057
0.04343857988715172
0.045027002692222595
0.08156657218933105
0.054035186767578125
0.04060980677604675
0.042025208473205566
0.0392976850271225
0.042157284915447235
0.03911546990275383
0.04677540063858032
0.035367608070373535
0.03683360666036606
0.03928899019956589
0.03387448191642761
0.04070817679166794
0.04212787002325058
0.0644766241312027
0.04618924483656883
0.034986332058906555
0.04707290232181549
0.041707467287778854
0.04695683717727661
0.046837858855724335
0.05658496543765068
0.04804974049329758
0.03480616211891174
0.042212799191474915
0.03606095165014267
0.032441768795251846
0.036035746335983276
0.048803843557834625
0.05255383253097534
0.045751795172691345
0.04339757561683655
0.03587060421705246
0.036046102643013
0.04173955321311951
0.06695681065320969
0.04513154923915863
0.04052870720624924
0.044735878705978394
0.04404246062040329
0.052308306097984314
0.03893055021762848
0.047205619513988495
0.041883643716573715
0.04485299438238144
0.04316168278455734
0.0430653840303421
0.03931121528148651
0.04596928507089615
0.05565383657813072
0.06117657572031021
0.05707518383860588
0.06009312719106674
0.04416927322745323
0.04650810360908508
0.04750997573137283
0.03603417053818703
0.0361621268093586
0.05311601608991623
0.05486804246902466
0.04609942063689232
0.03879104182124138
0.039456747472286224
0.060066260397434235
0.0436212420463562
0.04087286442518234
0.04201170429587364
0.04137403890490532
0.042063768953084946
0.05464755743741989
0.051671795547008514
0.037562258541584015
0.04709792882204056
0.03546860069036484
0.053051866590976715
0.04367850348353386
0.04101148247718811
0.045930683612823486
0.04737090319395065
0.03824346512556076
0.038078054785728455
0.03684522211551666
0.04128795862197876
0.05212823674082756
0.07694666087627411
0.03964802995324135
0.04274839162826538
0.04710263013839722
0.039776355028152466
0.05012586712837219
0.04214765131473541
0.06336724758148193
0.03608933463692665
0.04354524612426758
0.04157929867506027
0.04422576725482941
0.03831258416175842
0.03907973691821098
0.0552871935069561
0.03644249588251114
0.042958520352840424
0.034379325807094574
0.03634947910904884
0.035026468336582184
0.04567119479179382
0.041437502950429916
0.03797490894794464
0.04422279819846153
0.05291980132460594
0.044608600437641144
0.04418555647134781
0.05043156445026398
0.041068706661462784
0.03820190206170082
0.03938453271985054
0.042446792125701904
0.03668133169412613
0.04410584270954132
0.03972401097416878
0.0593816302716732
0.04550039395689964
0.041252147406339645
0.04182550311088562
0.03799514099955559
0.033472444862127304
0.03491906076669693
0.06516318023204803
0.03668978437781334
0.036978550255298615
0.03655540943145752
0.044878095388412476
0.041279278695583344
0.047397516667842865
0.05111607536673546
0.041308313608169556
0.03735459968447685
0.03492369130253792
0.03639192134141922
0.04153028503060341
0.050146158784627914
0.041023626923561096
0.039042167365550995
0.043244920670986176
0.04465065523982048
0.039318326860666275
0.039161164313554764
0.04127800837159157
0.048108749091625214
0.039435070008039474
0.036658890545368195
0.04945608600974083
0.04552122950553894
0.040787965059280396
0.05250193178653717
0.054392531514167786
0.03495858237147331
0.036155760288238525
0.03513672202825546
0.04087024927139282
0.04047657921910286
0.041455887258052826
0.04709061235189438
0.03730764240026474
0.03483761101961136
0.03691992163658142
0.040259040892124176
0.03420432657003403
0.038419343531131744
0.05329377204179764
0.04674064368009567
0.0431763157248497
0.04204948991537094
0.03700222820043564
0.04112172871828079
0.03624819964170456
0.052211910486221313
0.03992008417844772
0.04945177957415581
0.04173401743173599
0.03477820008993149
0.03645176813006401
0.04590670391917229
0.041670240461826324
0.03974847123026848
0.03497868776321411
0.043819017708301544
0.036399632692337036
0.04318319261074066
0.034385234117507935
0.06702038645744324
0.04620198905467987
0.04286263510584831
0.03951769322156906
0.045102670788764954
0.05001676827669144
0.040765825659036636
0.04881332814693451
0.03206518292427063
0.039457764476537704
0.03893160820007324
0.04281970486044884
0.036843471229076385
0.04481253772974014
0.04054296761751175
0.03745020925998688
0.04733052849769592
0.04068485647439957
0.03647094964981079
0.03760214149951935
0.034216079860925674
0.040049199014902115
0.03759200870990753
0.030818674713373184
0.04224592447280884
0.037210799753665924
0.04666219651699066
0.04413247108459473
0.04705648124217987
0.03801111876964569
0.04162141680717468
0.0369911752641201
0.03361682593822479
0.03333902359008789
0.04195215553045273
0.060612212866544724
0.04010063782334328
0.044572360813617706
0.04224630445241928
0.03983257710933685
0.03803003579378128
0.044049978256225586
0.07414460182189941
0.03653926029801369
0.04373667389154434
0.038764532655477524
0.03735228627920151
0.039912402629852295
0.0328373983502388
0.04632106423377991
0.04699280858039856
0.04148299619555473
0.03384987264871597
0.035921934992074966
0.032696086913347244
0.050258975476026535
0.046643465757369995
0.0380607508122921
0.038640096783638
0.048784174025058746
0.04023947939276695
0.03394346684217453
0.035908427089452744
0.08004716783761978
0.04821956902742386
0.03735319525003433
0.040394894778728485
0.0470537468791008
0.03596802055835724
0.043708305805921555
0.06393888592720032
0.03396211564540863
0.03992081433534622
0.032321155071258545
0.03922349214553833
0.04865499585866928
0.04316258430480957
0.06490954011678696
0.03917231410741806
0.037386368960142136
0.03898581489920616
0.040192436426877975
0.042227424681186676
0.03904760628938675
0.04889718443155289
0.04098281264305115
0.03843331336975098
0.03897809237241745
0.04838280379772186
0.045775435864925385
0.0424199216067791
0.07124120742082596
0.05347871780395508
0.040838584303855896
0.040921300649642944
0.04804416745901108
0.04381150007247925
0.03964121639728546
0.04661567136645317
0.03792158514261246
0.03574681282043457
0.039561692625284195
0.039949096739292145
0.03893226757645607
0.043675996363162994
0.0454195961356163
0.03721627593040466
0.04689089581370354
0.039678655564785004
0.03630385547876358
0.05070427060127258
0.055035218596458435
0.04796690493822098
0.04015825316309929
0.035236798226833344
0.04035065323114395
0.03734780102968216
0.03769190236926079
0.039454903453588486
0.06502659618854523
0.03761330991983414
0.04976896196603775
0.03748054429888725
0.04752018675208092
0.04693591594696045
0.04131421819329262
0.06565313041210175
0.04361773654818535
0.041712503880262375
0.03898259252309799
0.04299606382846832
0.04063362628221512
0.035306356847286224
0.055934056639671326
0.05107930302619934
0.035275183618068695
0.045290883630514145
0.04396101087331772
0.04435893893241882
0.03362071514129639
0.04153749346733093
0.04431295394897461
0.036480989307165146
0.03997860103845596
0.04002350941300392
0.052968256175518036
0.03935176134109497
0.05064195394515991
