0.9349517226219177
0.9312049150466919
0.9514862298965454
0.9199029803276062
0.9318291544914246
0.886870801448822
0.8980581760406494
0.8857721090316772
0.8821980357170105
0.9155160784721375
0.8749947547912598
0.8772767782211304
0.8657838702201843
0.8390113711357117
0.8725563883781433
0.850837230682373
0.879928469657898
0.8594992160797119
0.8099820613861084
0.8440526723861694
0.8616126775741577
0.844581127166748
0.840732216835022
0.8288806676864624
0.8253090381622314
0.8083368539810181
0.8052531480789185
0.794111430644989
0.8008421659469604
0.8156247138977051
0.7946454882621765
0.7999422550201416
0.7988373041152954
0.782322883605957
0.7826315760612488
0.7793140411376953
0.7864696979522705
0.7812737226486206
0.7578705549240112
0.777838945388794
0.7522239685058594
0.781720757484436
0.7786277532577515
0.7672390341758728
0.7602089643478394
0.7211381196975708
0.7350413799285889
0.7444108724594116
0.737938642501831
0.7307767868041992
0.7332324385643005
0.7439411878585815
0.7242605090141296
0.7223338484764099
0.7294501066207886
0.7328790426254272
0.7018243074417114
0.7143070101737976
0.7171563506126404
0.7320231795310974
0.7028452754020691
0.704076886177063
0.7315191030502319
0.7129634618759155
0.7040877342224121
0.7039462327957153
0.7020525336265564
0.6920027136802673
0.6695020198822021
0.7096664309501648
0.6875929236412048
0.6743351817131042
0.6892175674438477
0.6862558722496033
0.6860439777374268
0.6855827569961548
0.6772291660308838
0.6745923757553101
0.6882268786430359
0.6738095283508301
0.6628358364105225
0.6853955984115601
0.6646930575370789
0.6538559198379517
0.6710919141769409
0.6668481826782227
0.6912159323692322
0.6564121246337891
0.6347297430038452
0.6628587245941162
0.6986711025238037
0.6476244926452637
0.6703912615776062
0.6582936644554138
0.6543539762496948
0.6558886766433716
0.6551494598388672
0.6579678058624268
0.654556155204773
0.644203782081604
0.638677716255188
0.6596230268478394
0.6463512182235718
0.6547203063964844
0.6553983092308044
0.6641704440116882
0.6394814848899841
0.6336048245429993
0.6478404402732849
0.6353281736373901
0.6500911712646484
0.6312711238861084
0.6422601342201233
0.6285561919212341
0.6484744548797607
0.635564386844635
0.6374057531356812
0.6398422718048096
0.6722023487091064
0.6383913159370422
0.6491456627845764
0.6254754066467285
0.625829815864563
0.6412152051925659
0.6350564956665039
0.6439933776855469
0.6372506618499756
0.6202285885810852
0.6294031739234924
0.6297352313995361
0.6396169662475586
0.6384368538856506
0.6324545741081238
0.6512148976325989
0.6447312235832214
0.6143626570701599
0.6217678785324097
0.6268640756607056
0.6256554126739502
0.6264535784721375
0.635811448097229
0.62654048204422
0.6163283586502075
0.6308773159980774
0.6186507344245911
0.6318941116333008
0.6330983638763428
0.6308059692382812
0.6133769750595093
0.6139947175979614
0.6284680366516113
0.6438539624214172
0.6273763179779053
0.631095290184021
0.6180896162986755
0.6244462132453918
0.6247641444206238
0.6327427625656128
0.6135651469230652
0.6195284724235535
0.6237890720367432
0.6025770902633667
0.6133146286010742
0.6282936334609985
0.6266857385635376
0.6257882714271545
0.6238222122192383
0.6400253772735596
0.6040017604827881
0.6274814605712891
0.6266981959342957
0.6123126745223999
0.6160451769828796
0.6272655725479126
0.6312663555145264
0.6057817935943604
0.6153669953346252
0.6178398132324219
0.6235157251358032
0.6287752389907837
0.6211167573928833
0.6096875071525574
0.6062986850738525
0.6150705814361572
0.6182782649993896
0.6160656213760376
0.6237069368362427
0.6281571388244629
0.5882545709609985
0.6032499670982361
0.6155421733856201
0.608989417552948
0.6291942000389099
0.6146095395088196
0.612581729888916
0.6434370875358582
0.6216536164283752
0.6102550625801086
0.6072453260421753
0.6122937798500061
0.6248311996459961
0.6126760244369507
0.6252090930938721
0.6143423318862915
0.6106483936309814
0.624556303024292
0.6037907600402832
0.6126441955566406
0.6123567223548889
0.6422687768936157
0.621802806854248
0.6085382103919983
0.6098714470863342
0.6098506450653076
0.6206870675086975
0.5994307994842529
0.6254491209983826
0.6207820773124695
0.6057686805725098
0.6144837737083435
0.6180455088615417
0.6039845943450928
0.6026381254196167
0.6027453541755676
0.6158428192138672
0.6098620891571045
0.6068546772003174
0.6114653944969177
0.6131418943405151
0.6118814945220947
0.5822638869285583
0.6116008758544922
0.5956887006759644
0.6153769493103027
0.6042377948760986
0.6136384010314941
0.6195546388626099
0.6147379875183105
0.6002864241600037
0.6198387145996094
0.6155595779418945
0.5969105958938599
0.6038724184036255
0.6161240935325623
0.6235638856887817
0.6075618863105774
0.5952208042144775
0.617629885673523
0.6284407377243042
0.604868471622467
0.6045339703559875
0.586066722869873
0.612978458404541
0.602896511554718
0.6026256084442139
0.60081946849823
0.6087121963500977
0.612595796585083
0.6115666627883911
0.625192403793335
0.6073242425918579
0.6113658547401428
0.6006790995597839
0.6040528416633606
0.593248188495636
0.6116968393325806
0.6218492984771729
0.6009419560432434
0.6004814505577087
0.6166199445724487
0.6033123135566711
0.6023470163345337
0.6054421663284302
0.6204428672790527
0.597282350063324
0.6039310097694397
0.6084866523742676
0.5994112491607666
0.599044680595398
0.6402506828308105
0.605925977230072
0.6068109273910522
0.6135284304618835
0.5989969968795776
0.5990903973579407
0.602591335773468
0.596448540687561
0.6075617074966431
0.6039415001869202
0.6042174100875854
0.6035467386245728
0.6039085984230042
0.6017509698867798
0.6131458282470703
0.6047626733779907
0.6095952987670898
0.6082887649536133
0.5992192029953003
0.6040017604827881
0.6010470986366272
0.598882794380188
0.5992813110351562
0.6153218150138855
0.6076415777206421
0.6066681146621704
0.6048744320869446
0.5960870385169983
0.5954068899154663
0.6034895777702332
0.6142483949661255
0.6072777509689331
0.5988094210624695
0.5920640230178833
0.6073877811431885
0.5815658569335938
0.6062539219856262
0.5912809371948242
0.6052021980285645
0.608508825302124
0.6082097291946411
0.6034142971038818
0.6273744106292725
0.5984438061714172
0.60455721616745
0.602312445640564
0.5957733392715454
0.6019937992095947
0.610228419303894
0.6095718741416931
0.5983028411865234
0.6124674677848816
0.5986175537109375
0.5946232080459595
0.6080545783042908
0.6043165922164917
0.6017860174179077
0.6070668697357178
0.6082496643066406
0.5991106033325195
0.598339319229126
0.6082753539085388
0.5977442264556885
0.5790213346481323
0.6059510111808777
0.5995990633964539
0.5925613045692444
0.5996712446212769
0.6083353161811829
0.5986610651016235
0.6080421805381775
0.5971143245697021
0.5957664251327515
0.6074795722961426
0.6040290594100952
0.6032544374465942
0.5957557559013367
0.6106687188148499
0.6108406782150269
0.5994799733161926
0.6001376509666443
0.6065894365310669
0.5902026891708374
0.5996531248092651
0.6104836463928223
0.5954486727714539
0.6070350408554077
0.6096529364585876
0.595716118812561
0.5901008248329163
0.6065541505813599
0.6300705075263977
0.5933211445808411
0.6068353652954102
0.6020925045013428
0.6116786599159241
0.5912026166915894
0.5970407724380493
0.5932726263999939
0.6031573414802551
0.6012768745422363
0.5932270288467407
0.6008787155151367
0.5936877727508545
0.6024295091629028
0.6096126437187195
0.623245120048523
0.5908699035644531
0.6002362966537476
0.599078357219696
0.5921729803085327
0.6020135879516602
0.5983673930168152
0.6091408729553223
0.6022521257400513
0.5864336490631104
0.5994241833686829
0.6025516986846924
0.6002689003944397
0.5807414650917053
0.5992997884750366
0.6155242919921875
0.6016276478767395
0.595815896987915
0.5908167362213135
0.5955972075462341
0.5999665856361389
0.6043959856033325
0.6049977540969849
0.5978353023529053
0.5990978479385376
0.5922248363494873
0.5961474776268005
0.5901607871055603
0.5864412188529968
0.5870144367218018
0.5977334976196289
0.6166101694107056
0.6013257503509521
0.6049617528915405
0.607495903968811
0.6095006465911865
0.6154495477676392
0.59797203540802
0.5890854001045227
0.602281391620636
0.5964629650115967
0.5778336524963379
0.6106950044631958
0.5891463756561279
0.6080395579338074
0.5899073481559753
0.5940340757369995
0.5932697057723999
0.6039704084396362
0.5816177725791931
0.6068466901779175
0.5943186283111572
0.5993978977203369
0.6080583333969116
0.5951366424560547
0.6131364107131958
0.5875336527824402
0.6021896600723267
0.6077698469161987
0.5954179763793945
0.5984965562820435
0.5893856287002563
0.6036727428436279
0.6029504537582397
0.6011388301849365
0.6008838415145874
0.595660388469696
0.5946763753890991
0.5930608510971069
0.579981803894043
0.5909354090690613
0.6053040623664856
0.6031186580657959
0.5962715744972229
0.5806915163993835
0.6068392992019653
0.6194912195205688
0.594741940498352
0.5814074277877808
0.5964589715003967
0.6040217876434326
0.588279128074646
0.6191028356552124
0.6176357269287109
0.5853419899940491
0.6083498001098633
0.603710412979126
0.5833007097244263
0.5981149673461914
0.5988898277282715
0.6197688579559326
0.6113763451576233
0.6017947793006897
0.5959283709526062
0.5953159332275391
0.5885873436927795
0.5863564014434814
0.6144728660583496
0.5878242254257202
0.5933104753494263
0.5862936973571777
0.5996845960617065
0.6072849035263062
0.6030662059783936
0.6068205237388611
0.5908572673797607
0.5928488969802856
0.6010735630989075
0.5866025686264038
0.5924924612045288
0.6053586602210999
0.6210924386978149
0.5993311405181885
0.5916424989700317
0.5968042612075806
0.616705060005188
0.5891759991645813
0.5937344431877136
0.5855321884155273
0.6015624403953552
0.6088850498199463
0.5863468647003174
0.5923454165458679
0.5886316299438477
0.5917274951934814
0.6078634858131409
0.6083670258522034
0.5921142101287842
0.5840262174606323
0.5901480913162231
0.5916894674301147
0.6042718887329102
0.6122284531593323
0.5727609992027283
0.5964541435241699
0.6055508852005005
0.6071557402610779
0.5890113115310669
0.6082134246826172
0.605461835861206
0.5980095863342285
0.5909209847450256
0.5998623967170715
0.5859214067459106
0.5965426564216614
0.5929991602897644
0.5941209197044373
0.5900267362594604
0.6003473997116089
0.5929701328277588
0.5926750898361206
0.6001533269882202
0.5930570960044861
0.5975133776664734
0.5777703523635864
0.5907003283500671
0.5898722410202026
0.6056742668151855
0.5953704118728638
0.6054791212081909
0.6096111536026001
0.5903085470199585
0.6004577875137329
0.5922476053237915
0.6020767688751221
0.5905663967132568
0.5964772701263428
0.5896492004394531
0.6003687381744385
0.5788440108299255
0.6053011417388916
0.5951316356658936
0.5890612006187439
0.5940693616867065
0.5882622599601746
0.6155936121940613
0.5859775543212891
0.5942271947860718
0.5883304476737976
0.6098024845123291
0.584004282951355
0.570742130279541
0.6131970882415771
0.6034612059593201
0.5919735431671143
0.5897404551506042
0.5769794583320618
0.6002604961395264
0.5854431390762329
0.5752980709075928
0.6047486066818237
0.5991178750991821
0.604350745677948
0.5843877792358398
0.6020272374153137
0.5994871258735657
0.5958138704299927
0.6051845550537109
0.5914416909217834
0.5765126943588257
0.6033649444580078
0.5899275541305542
0.6351965665817261
0.5900537371635437
0.592292308807373
0.5964782238006592
0.5959657430648804
0.5939099192619324
0.5985251069068909
0.5959572792053223
0.5873079299926758
0.6019513010978699
0.5805745124816895
0.5911394953727722
0.601459801197052
0.5992099046707153
0.5776711702346802
0.5983282327651978
0.6052334904670715
0.5785133838653564
0.5869914293289185
0.5984140038490295
0.594834566116333
0.595003604888916
0.5975688695907593
0.596065878868103
0.5984119176864624
0.5867981910705566
0.5980629920959473
0.5957354307174683
0.5895492434501648
0.594070315361023
0.585679829120636
0.6047599911689758
0.5966018438339233
0.5915902853012085
0.5944328308105469
0.5782668590545654
0.5947763919830322
0.5800291299819946
0.5940853953361511
0.5855509042739868
0.6073818206787109
0.5951703786849976
0.5850909948348999
0.5954841375350952
0.5927504301071167
0.5921651124954224
0.599247932434082
0.587863564491272
0.5864253640174866
0.6071316003799438
0.6017708778381348
0.5888370275497437
0.5941567420959473
0.5876786708831787
0.5862820744514465
0.593284010887146
0.6084927320480347
0.5822392702102661
0.6005103588104248
0.5948463678359985
0.5941224694252014
0.596311628818512
0.5879283547401428
0.5914825201034546
0.5880805253982544
0.5916521549224854
0.5817556381225586
0.5839056968688965
0.5962162613868713
0.6097221374511719
0.5915582180023193
0.6024029850959778
0.5975432991981506
0.586976945400238
0.5923202633857727
0.5849413871765137
0.5952433943748474
0.572536051273346
0.5942692756652832
0.5898383855819702
0.60284423828125
0.5937845706939697
0.5781130194664001
0.6071670055389404
0.562969446182251
0.607967734336853
0.5900797843933105
0.5910929441452026
0.5872918367385864
0.5808908343315125
0.5886918902397156
0.6140714287757874
0.5926910638809204
0.5949661731719971
0.5974393486976624
0.5840674638748169
0.6012586951255798
0.5877866148948669
0.5975531935691833
0.6075968146324158
0.5938721895217896
0.5813649296760559
0.5948095321655273
0.5966609716415405
0.5757623910903931
0.58210289478302
0.598101019859314
0.5935202240943909
0.5876670479774475
0.5988459587097168
0.5753700137138367
0.5975612998008728
0.5927412509918213
0.6002070903778076
0.5895126461982727
0.585400402545929
0.5925263166427612
0.6038292646408081
0.5866095423698425
0.5923506021499634
0.5975543260574341
0.5949074029922485
0.5874004364013672
0.5879726409912109
0.5891063213348389
0.5894081592559814
0.5744271874427795
0.5982114672660828
0.5761927366256714
0.5863867402076721
0.6045500636100769
0.5960538387298584
0.594395637512207
0.6015205383300781
0.5961877703666687
0.595471978187561
0.5718080401420593
0.6033071279525757
0.5919759273529053
0.5835874676704407
0.6278147101402283
0.5916590094566345
0.5870662331581116
0.6026419401168823
0.5963180065155029
0.5880430936813354
0.585605800151825
0.5945965647697449
0.595637321472168
0.5830623507499695
0.5947424173355103
0.5886353254318237
0.5939532518386841
0.588456392288208
0.5839396119117737
0.5739414095878601
0.5859751105308533
0.5995777249336243
0.5869284868240356
0.5935356020927429
0.5906182527542114
0.6018021106719971
0.5811986327171326
0.5965197682380676
0.5846188068389893
0.5963050127029419
0.5923846960067749
0.5935167074203491
0.5689133405685425
0.5870182514190674
0.5929834842681885
0.5933098793029785
0.5837358236312866
0.584426999092102
0.5985238552093506
0.5902280211448669
0.5730579495429993
0.602392315864563
0.5886039733886719
0.6046671867370605
0.5827000141143799
0.6005371809005737
0.6037235856056213
0.5885868072509766
0.6025026440620422
0.5942744612693787
0.5773510932922363
0.5915997624397278
0.5810111165046692
0.5956660509109497
0.5955572724342346
0.5882505178451538
0.5919502377510071
0.5781644582748413
0.5961446166038513
0.5931252241134644
0.5713614821434021
0.587030827999115
0.5938316583633423
0.5903204083442688
0.5923417806625366
0.5835480093955994
0.5798684358596802
0.6353294253349304
0.5806376934051514
0.5908863544464111
0.5987730026245117
0.5984600782394409
0.5881747603416443
0.5872392654418945
0.5648183822631836
0.6018531322479248
0.594776451587677
0.5937147736549377
0.586117148399353
0.5730055570602417
0.5922354459762573
0.5855728387832642
0.592460572719574
0.5894410610198975
0.5832911729812622
0.5782451033592224
0.6002402305603027
0.5956578850746155
0.5691477060317993
0.5818858742713928
0.5777832865715027
0.592549741268158
0.5911310315132141
0.6053370237350464
0.5796398520469666
0.5770477056503296
0.5848028659820557
0.5999864339828491
0.5840702056884766
0.5895306468009949
0.5798717737197876
0.5954238772392273
0.5656268000602722
0.5971903800964355
0.5718333721160889
0.6007102727890015
0.5989591479301453
0.5844457149505615
0.5920007228851318
0.5627495646476746
0.5836503505706787
0.6095949411392212
0.5918290615081787
0.5808409452438354
0.5943368673324585
0.5762948989868164
0.5632296800613403
0.5800272226333618
0.6025567054748535
0.5716405510902405
0.5917098522186279
0.5909403562545776
0.5948256254196167
0.5911655426025391
0.5930882692337036
0.5956499576568604
0.5839033126831055
0.5828801989555359
0.5772942900657654
0.5859966278076172
0.6130589246749878
0.5784322619438171
0.6021772623062134
0.5866541862487793
0.5947219133377075
0.5775974988937378
0.5951647758483887
0.5768905282020569
0.569441556930542
0.5859970450401306
0.605078935623169
0.573287844657898
0.5987863540649414
0.5842583179473877
0.6171717047691345
0.5934571027755737
0.5888332724571228
0.5957872867584229
0.5833369493484497
0.5737719535827637
0.5835341811180115
0.5874454379081726
0.5814942717552185
0.5926960110664368
0.5743911862373352
0.5796041488647461
0.5858527421951294
0.596345067024231
0.5989912152290344
0.599217414855957
0.5918771624565125
0.5800902843475342
0.5900039672851562
0.5830812454223633
0.5726367235183716
0.5960734486579895
0.5882301330566406
0.5966912508010864
0.5826503038406372
0.5818164348602295
0.5971312522888184
0.5681988596916199
0.6044882535934448
0.5854281187057495
0.5800973176956177
0.5826928615570068
0.5983992218971252
0.5889572501182556
0.5731286406517029
0.5880262851715088
0.5790846347808838
0.5959900617599487
0.5892236232757568
0.5853362083435059
0.5824824571609497
0.5779649019241333
0.5885694026947021
0.5910868048667908
0.5986040234565735
0.5847879648208618
0.5791316032409668
0.5811411738395691
0.5750706195831299
0.5815951824188232
0.5824422240257263
0.5949282050132751
0.5844361782073975
0.5886849164962769
0.5793254375457764
0.5766353011131287
0.6052589416503906
0.5773004293441772
0.5874321460723877
0.5756065845489502
0.5813509821891785
0.5990264415740967
0.5965064167976379
0.5600744485855103
0.5814098119735718
0.5902589559555054
0.57787024974823
0.5880393981933594
0.5969467759132385
0.5695555806159973
0.5921657085418701
0.5794893503189087
0.5978456139564514
0.5763669013977051
0.582762598991394
0.5807178616523743
0.5818660855293274
0.5964226722717285
0.5715570449829102
0.5797185897827148
0.5760904550552368
0.587660014629364
0.5925629138946533
0.5953406095504761
0.583504855632782
0.5843144655227661
0.5671439170837402
0.5795105695724487
0.6081736087799072
0.5875391960144043
0.5814298391342163
0.5870294570922852
0.5783445835113525
0.5783652067184448
0.5922130942344666
0.5874239802360535
0.5831708908081055
0.5826975703239441
0.6013579964637756
0.597900390625
0.5839301347732544
0.5711299777030945
0.5899724364280701
0.578650712966919
0.589557409286499
0.5719153881072998
0.5768725275993347
0.5929729342460632
0.5935704112052917
0.5676826238632202
0.5734520554542542
0.5892995595932007
0.5986328721046448
0.5816182494163513
0.571020245552063
0.5912038683891296
0.5752034783363342
0.5918997526168823
0.5861815214157104
0.5930668115615845
0.5879024267196655
0.5919760465621948
0.5735365152359009
0.5748107433319092
0.5908527374267578
0.5891813635826111
0.6074209213256836
0.5876887440681458
0.5902235507965088
0.570906400680542
0.592667818069458
0.5869604349136353
0.5781089067459106
0.5857551693916321
0.5783618688583374
0.5843979120254517
0.5953004956245422
0.5938504934310913
0.571118950843811
0.5870794653892517
0.5791036486625671
0.6010670065879822
0.5778114199638367
0.5803797841072083
0.5746427774429321
0.5839922428131104
0.5821273326873779
0.5750377774238586
0.5871127843856812
0.5798962116241455
0.5787145495414734
0.5742260217666626
0.5939738154411316
0.5764340162277222
0.5971052646636963
0.5767674446105957
0.5887665748596191
0.5867596864700317
0.5860545635223389
0.5703632831573486
0.5797685384750366
0.6316686272621155
0.5753191113471985
0.5842873454093933
0.5761539936065674
0.5821425318717957
0.6062935590744019
0.5749444961547852
0.5943166613578796
0.5750071406364441
0.58835768699646
0.5841595530509949
0.5843453407287598
0.5968679785728455
0.5594983100891113
0.5746051073074341
0.5854308605194092
0.5745217800140381
0.5795482397079468
0.5818817615509033
0.5846483111381531
0.5889238715171814
0.5730684995651245
0.5749534368515015
0.5938518047332764
0.5772550106048584
0.5778529644012451
0.5780340433120728
0.5799626111984253
0.6075310707092285
0.5842207074165344
0.5854911208152771
0.5813226103782654
0.5767785906791687
0.5753472447395325
0.5879612565040588
0.5811182856559753
0.5852328538894653
0.5747528076171875
0.5802708268165588
0.5883915424346924
0.5652774572372437
0.5811947584152222
0.6319444179534912
0.5808085203170776
0.5838889479637146
0.5890232920646667
0.5719280242919922
0.5760049819946289
0.5778679847717285
0.6074303388595581
0.5738744735717773
0.5789967179298401
0.5793147087097168
0.582740306854248
0.5795390009880066
0.5945086479187012
0.5661396980285645
0.5850551128387451
0.5680375695228577
0.5775220990180969
0.5884333252906799
0.5813990831375122
0.5839809775352478
0.5668686628341675
0.5757393836975098
0.5748288631439209
0.5847260355949402
0.5803171396255493
0.5815631151199341
0.5697281360626221
0.6227409839630127
0.5755244493484497
0.5719687342643738
0.5894668698310852
0.5854877829551697
0.5807517766952515
0.581234872341156
0.5929998159408569
0.576077938079834
0.5675526261329651
0.5795026421546936
0.5911164879798889
0.5803730487823486
0.5719523429870605
0.5984930992126465
0.5695540904998779
0.5730301737785339
0.5781695246696472
0.5790748596191406
0.5815863609313965
0.5851752758026123
0.5752778053283691
0.5712727308273315
0.5751184225082397
0.5863176584243774
0.5740758180618286
0.5783013701438904
0.5795173645019531
0.5637139081954956
0.5606364011764526
0.5704656839370728
0.6038042306900024
0.5868988037109375
0.5812582969665527
0.5805339217185974
0.5608345866203308
0.5761646032333374
0.5813189744949341
0.5748878717422485
0.5950539112091064
0.5718827247619629
0.574488639831543
0.5338099002838135
0.5716651678085327
0.5965731143951416
0.5791590213775635
0.5699463486671448
0.5801182985305786
0.5722196698188782
0.612196683883667
0.5789901614189148
0.5722851157188416
0.5714797973632812
0.589432954788208
0.5877325534820557
0.5681183338165283
0.5855122804641724
0.5794857144355774
0.5833266377449036
0.5736974477767944
0.5713120698928833
0.5682031512260437
0.5885874032974243
0.586117684841156
0.5794193744659424
0.5816828012466431
0.5800191164016724
0.5937011241912842
0.5628350973129272
0.5674605965614319
0.5559177994728088
0.5689862370491028
0.5761574506759644
0.5760173797607422
0.5746201276779175
0.5872212648391724
0.5721698999404907
0.6121894717216492
0.5660948753356934
0.566117525100708
0.5842878222465515
0.5826565623283386
0.5868218541145325
0.5770494937896729
0.5892939567565918
0.5760218501091003
0.5721047520637512
0.5711369514465332
0.587623655796051
0.5661188364028931
0.5730022192001343
0.5954530835151672
0.5696767568588257
0.5722658038139343
0.5699130892753601
0.5663169026374817
0.5820658802986145
0.5956820845603943
0.6187110543251038
0.5783213973045349
0.5949971079826355
0.5762516260147095
0.5714727640151978
0.557496964931488
0.584359347820282
0.5844771862030029
0.5938022136688232
0.5644831657409668
0.5611525774002075
0.5874731540679932
0.5777487754821777
0.5735436677932739
0.6187942028045654
0.5806052684783936
0.5808522701263428
0.554908037185669
0.575212836265564
0.5794485807418823
0.5952588319778442
0.5748494267463684
0.5796168446540833
0.5851276516914368
0.5536968111991882
0.5818289518356323
0.5776742696762085
0.576138973236084
0.5777226090431213
0.5761417150497437
0.5621263384819031
0.5823022127151489
0.5843549966812134
0.579814612865448
0.5778611898422241
0.5414751172065735
0.5665782690048218
0.5672389268875122
0.5713165998458862
0.591364860534668
0.5787023305892944
0.5810214281082153
0.570066511631012
0.5596374273300171
0.591007649898529
0.5601567625999451
0.5700078010559082
0.5781670808792114
0.5913049578666687
0.5900517702102661
0.5703511238098145
0.5802247524261475
0.5663827657699585
0.5712452530860901
0.5777174234390259
0.5852187275886536
0.5891779661178589
0.5738956928253174
0.564073383808136
0.5658838152885437
0.5691439509391785
0.5754126310348511
0.5828969478607178
0.5985766649246216
0.5784364342689514
0.5773203372955322
0.5588068962097168
0.5782889127731323
0.5831667184829712
0.5702521800994873
0.5874289274215698
0.5864022970199585
0.5672680139541626
0.5691335201263428
0.5646008849143982
0.5829390287399292
0.5709751844406128
0.5841952562332153
0.5778945088386536
0.5771286487579346
0.5542949438095093
0.5648168921470642
0.5684363842010498
0.5772466659545898
0.6137221455574036
0.5722675323486328
0.5704441666603088
0.5737011432647705
0.5838954448699951
0.5632035732269287
0.5780439376831055
0.5822838544845581
0.5919451117515564
0.5795941352844238
0.575056791305542
0.5755680799484253
0.5619369745254517
0.5630857944488525
0.5625052452087402
0.5795130729675293
0.5756334066390991
0.5693392157554626
0.5729618072509766
0.58043372631073
0.5582178235054016
0.5889145731925964
0.5682568550109863
0.562773585319519
0.5777822732925415
0.5747243165969849
0.5671114921569824
0.5711222887039185
0.5869476795196533
0.5691314935684204
0.5802374482154846
0.5598229169845581
0.5787808895111084
0.5671831369400024
0.579849123954773
0.5829213857650757
0.5846850275993347
0.5728811025619507
0.5708013772964478
0.5595665574073792
0.5706616640090942
0.5701748132705688
0.6108900308609009
0.5729988217353821
0.5758568644523621
0.5827829837799072
0.5684617161750793
0.5693023204803467
0.5752048492431641
0.5512940883636475
0.5563572645187378
0.5685664415359497
0.578556478023529
0.5722891092300415
0.5753097534179688
0.5653765201568604
0.6062666177749634
0.5819995403289795
0.5675410032272339
0.5613323450088501
0.582853376865387
0.5791767835617065
0.5543867349624634
0.6022734642028809
0.5646722316741943
0.5865170955657959
0.5739720463752747
0.5580458641052246
0.5632839798927307
0.591457724571228
0.5787525177001953
0.5708358883857727
0.565716028213501
0.5771218538284302
0.5768579244613647
0.5635247230529785
0.5795947313308716
0.5768387913703918
0.5865791440010071
0.5675738453865051
0.5721401572227478
0.5715078711509705
0.5641301870346069
0.5551875829696655
0.6073700785636902
0.549127459526062
0.5744521617889404
0.5722940564155579
0.579753041267395
0.5799524784088135
0.5706682205200195
0.5780261754989624
0.5780776739120483
0.5744487047195435
0.5803455710411072
0.5610488653182983
0.5620898008346558
0.5588657855987549
0.5914546251296997
0.5645390748977661
0.569751501083374
0.5748440027236938
0.5880959033966064
0.5674951672554016
0.5654550790786743
0.5644177198410034
0.554182767868042
0.5744549036026001
0.57793128490448
0.5555683374404907
0.5778183341026306
0.5687265992164612
0.6380547881126404
0.5789883136749268
0.568880558013916
0.5761004686355591
0.5867519974708557
0.5588219165802002
0.5566370487213135
0.560722827911377
0.571581244468689
0.564988374710083
0.5737465620040894
0.5543457865715027
0.5597843527793884
0.5771448612213135
0.6068516969680786
0.5604915022850037
0.5665888786315918
0.5813242197036743
0.5833475589752197
0.5610617995262146
0.5698552131652832
0.538764476776123
0.5510327816009521
0.5739637613296509
0.5647599697113037
0.5648659467697144
0.5959120988845825
0.5843425989151001
0.5533893704414368
0.5687284469604492
0.5768445730209351
0.5643088817596436
0.5735546350479126
0.5576968789100647
0.570429801940918
0.5831307768821716
0.5688920021057129
0.5722938776016235
0.5650205016136169
0.5600014925003052
0.5713668465614319
0.5676389932632446
0.5746666789054871
0.5616414546966553
0.5634997487068176
0.558587908744812
0.5675928592681885
0.58187335729599
0.5764622092247009
0.5772319436073303
0.57346111536026
0.5683374404907227
0.5719871520996094
0.5899889469146729
0.5491675138473511
0.556648850440979
0.5963655710220337
0.5669776201248169
0.571577787399292
0.5664987564086914
0.5559110641479492
0.5824192762374878
0.5740631818771362
0.5548452138900757
0.5635378360748291
0.5692792534828186
0.5590857267379761
0.576268196105957
0.5813390016555786
0.5635280609130859
0.5879244804382324
0.5736441612243652
0.564140796661377
0.5678361058235168
0.5646161437034607
0.5598746538162231
0.5811614394187927
0.569237470626831
0.5696043372154236
0.5810542106628418
0.5587748289108276
0.5603336691856384
0.5821007490158081
0.5501851439476013
0.5653728246688843
0.5450746417045593
0.576561450958252
0.5760223865509033
0.576522707939148
0.5594044327735901
0.5669719576835632
0.5608097314834595
0.572288990020752
0.5604697465896606
0.562716543674469
0.5650255084037781
0.5608698129653931
0.5759806632995605
0.5802226066589355
0.5549274682998657
0.5602604746818542
0.5803385972976685
0.5603578090667725
0.5702174305915833
0.5641156435012817
0.5972374677658081
0.5772557258605957
0.5627977252006531
0.5664546489715576
0.5707536339759827
0.553773045539856
0.5592889189720154
0.5721790790557861
0.5572907328605652
0.5665496587753296
0.5689821243286133
0.5597628355026245
0.5536371469497681
0.581748366355896
0.5651012063026428
0.574437141418457
0.5669383406639099
0.559283971786499
0.5583294630050659
0.5573505163192749
0.5654928088188171
0.6087014675140381
0.572724461555481
0.5597831010818481
0.5616096258163452
0.5549451112747192
0.5637168288230896
0.574798047542572
0.5851855874061584
0.5696942806243896
0.574922502040863
0.5591796636581421
0.5631967186927795
0.5568711757659912
0.5714672803878784
0.5498957633972168
0.5506917834281921
0.5482774972915649
0.5952938795089722
0.5634957551956177
0.5669032335281372
0.567734956741333
0.5885441303253174
0.5619330406188965
0.5667324066162109
0.5679004788398743
0.5643095970153809
0.5581902265548706
0.5670604705810547
0.5908794403076172
0.5438426733016968
0.5646078586578369
0.5795809030532837
0.5702567100524902
0.5556640625
0.5731775760650635
0.5658174753189087
0.5655170679092407
0.580569863319397
0.5540342330932617
0.5551416873931885
0.5699787735939026
0.5549992322921753
0.5800748467445374
0.5767087340354919
0.5622751116752625
0.5638357400894165
0.5491445064544678
0.5625674724578857
0.5580281615257263
0.5778025388717651
0.5579930543899536
0.5695162415504456
0.5560022592544556
0.574867308139801
0.5554597973823547
0.5598455667495728
0.5659410953521729
0.5720604062080383
0.5552500486373901
0.560865044593811
0.5763576626777649
0.5499180555343628
0.5669117569923401
0.5472902059555054
0.5571937561035156
0.5605888366699219
0.5571576952934265
0.5666357278823853
0.5718210935592651
0.5624386072158813
0.59956294298172
0.560225784778595
0.5557531118392944
0.5630933046340942
0.5633105635643005
0.5643868446350098
0.5722377300262451
0.561213493347168
0.5729536414146423
0.5710693001747131
0.5621815919876099
0.5593782663345337
0.5601301193237305
0.5467301607131958
0.579901933670044
0.5708196759223938
0.5591675043106079
0.5419461131095886
0.5472999811172485
0.582636833190918
0.5741044878959656
0.5797529220581055
0.5605225563049316
0.5614015460014343
0.5586146116256714
0.5615952014923096
0.5732482671737671
0.5592561960220337
0.5794771909713745
0.5800907015800476
0.5664488077163696
0.5759068727493286
0.5549651980400085
0.5501893758773804
0.5516189336776733
0.5799428224563599
0.5590263605117798
0.5717592239379883
0.562637448310852
0.5652686357498169
0.5604888200759888
0.5549436211585999
0.5756574869155884
0.5681833028793335
0.5525356531143188
0.5685054063796997
0.5539719462394714
0.5568951368331909
0.5752997994422913
0.554864227771759
0.5696679949760437
0.5713255405426025
0.5542842149734497
0.5535812377929688
0.581384539604187
0.5579885244369507
0.5374694466590881
0.5690032243728638
0.5570058226585388
0.5690348148345947
0.5456093549728394
0.5666707158088684
0.5639101266860962
0.5360809564590454
0.5559398531913757
0.5491400957107544
0.5641032457351685
0.543623685836792
0.5893738269805908
0.571509599685669
0.5545798540115356
0.5481186509132385
0.5740184187889099
0.569727897644043
0.5490245223045349
0.5570021867752075
0.5680946111679077
0.5758819580078125
0.5596562623977661
0.548509955406189
0.5635470151901245
0.5736788511276245
0.5511491298675537
0.557313084602356
0.593544065952301
0.5656887292861938
0.5727225542068481
0.5396898984909058
0.5707085132598877
0.5519877672195435
0.5755158066749573
0.5705158710479736
0.5491747856140137
0.5641918182373047
0.5666289925575256
0.5759128928184509
0.5565981268882751
0.5528101921081543
0.5983569622039795
0.5557395219802856
0.5676281452178955
0.5656564235687256
0.560369074344635
0.5773022770881653
0.5487399101257324
0.5256120562553406
0.5610770583152771
0.5692591667175293
0.560997724533081
0.5664738416671753
0.5622901916503906
0.5417311191558838
0.5660849213600159
0.5611581802368164
0.560894250869751
0.5692386031150818
0.5616173148155212
0.571746826171875
0.5457214117050171
0.5515891313552856
0.5683976411819458
0.5630715489387512
0.555802583694458
0.5673947930335999
0.5462437272071838
0.5571259260177612
0.5624741911888123
0.5588959455490112
0.5425262451171875
0.559161365032196
0.5602298378944397
0.5583814978599548
0.5756911039352417
0.5647873878479004
0.5710281133651733
0.5686945915222168
0.555316686630249
0.5592119097709656
0.558296799659729
0.5561478137969971
0.5575127601623535
0.5580407381057739
0.5588163733482361
0.5767750144004822
0.5672153830528259
0.5544137954711914
0.5489932298660278
0.5619250535964966
0.5624945759773254
0.5813142657279968
0.5522260665893555
0.5627605319023132
0.5591683387756348
0.5649175047874451
0.5582646727561951
0.5531966686248779
0.5699092745780945
0.5484994053840637
0.5701959133148193
0.5550790429115295
0.5514342188835144
0.5857487916946411
0.5575251579284668
0.5665388703346252
0.5490647554397583
0.545019268989563
0.5650778412818909
0.5659891963005066
0.5408605337142944
0.546886682510376
0.5542271733283997
0.5492558479309082
0.5629165768623352
0.5668763518333435
0.5600591897964478
0.5862556099891663
0.5605887770652771
0.5614017248153687
0.5573896169662476
0.5533615350723267
0.5559551119804382
0.5432368516921997
0.6160712242126465
0.5644044876098633
0.5650277137756348
0.5688706040382385
0.5503524541854858
0.5511213541030884
0.5499930381774902
0.5665194988250732
0.5521445870399475
0.5625295639038086
0.5530417561531067
0.5698596835136414
0.5440301895141602
0.5684744119644165
0.5551517009735107
0.5583744049072266
0.5485491752624512
0.5657728314399719
0.549869179725647
0.5617778301239014
0.561674952507019
0.5890376567840576
0.5461575388908386
0.5642515420913696
0.5700514316558838
0.5379565954208374
0.5639410018920898
0.5668789148330688
0.5506898164749146
0.541128396987915
0.5438179969787598
0.5724791288375854
0.561127781867981
0.5627355575561523
0.5526000261306763
0.5639394521713257
0.5596116781234741
0.5544638633728027
0.5585207343101501
0.5483900308609009
0.5502922534942627
0.5521607398986816
0.597948431968689
0.5493553280830383
0.5620511174201965
0.5489967465400696
0.562910795211792
0.5498445630073547
0.5533175468444824
0.6002438068389893
0.5443463921546936
0.5751116275787354
0.5476322174072266
0.5630282759666443
0.5619906187057495
0.5444340705871582
0.5673980116844177
0.559722363948822
0.5569647550582886
0.5615363717079163
0.5529613494873047
0.5480321049690247
0.5508005619049072
0.5742725133895874
0.5615684986114502
0.5528764724731445
0.5524564981460571
0.5576331615447998
0.5411756038665771
0.5679465532302856
0.5755045413970947
0.5523247718811035
0.5565577745437622
0.5607314109802246
0.5408443212509155
0.5666606426239014
0.5748013257980347
0.5680546760559082
0.5577958822250366
0.5530094504356384
0.5597952008247375
0.5448494553565979
0.5573611259460449
0.5665209889411926
0.5792438983917236
0.5475195646286011
0.5571691989898682
0.5712905526161194
0.5487326979637146
0.5574393272399902
0.5551121234893799
0.5391660928726196
0.5600513815879822
0.5491108298301697
0.5604733228683472
0.549716591835022
0.5528502464294434
0.5575122237205505
0.5640708208084106
0.564726710319519
0.554273247718811
0.5628987550735474
0.5418610572814941
0.5560227036476135
0.5494241118431091
0.5488163828849792
0.5685374736785889
0.5717353820800781
0.5570703744888306
0.5442750453948975
0.5448583364486694
0.554192841053009
0.5537586212158203
0.5724316835403442
0.566088855266571
0.5590592622756958
0.5629953145980835
0.5298629999160767
0.551714301109314
0.5598095655441284
0.5495713949203491
0.5489283204078674
0.5597199201583862
0.553632915019989
0.5544350147247314
0.5597648024559021
0.5652304291725159
0.542290449142456
0.5493490695953369
0.5690003633499146
0.5579251050949097
0.566085696220398
0.5565818548202515
0.5396208167076111
0.5468915104866028
0.5637059211730957
0.5543134212493896
0.5470777750015259
0.5724209547042847
0.5526593923568726
0.5795338153839111
0.5501722097396851
0.5656658411026001
0.5496194362640381
0.5515497326850891
0.5591816902160645
0.5584157705307007
0.5436693429946899
0.5586754083633423
0.556290328502655
0.5708838701248169
0.5498484373092651
0.5488073825836182
0.5449122190475464
0.5391718149185181
0.5467079877853394
0.5579665899276733
0.5553144812583923
0.5596730709075928
0.5764334201812744
0.5359417200088501
0.5378372669219971
0.5447258353233337
0.5666293501853943
0.5694354772567749
0.5583224296569824
0.5447479486465454
0.537844181060791
0.5494031310081482
0.5380140542984009
0.558861494064331
0.5360714197158813
0.5592125654220581
0.5630718469619751
0.5699798464775085
0.5501031875610352
0.5490158200263977
0.5434062480926514
0.5651299953460693
0.5497561693191528
0.5822052359580994
0.5477820038795471
0.5682240724563599
0.5420180559158325
0.5554821491241455
0.554042398929596
0.5437239408493042
0.5649746656417847
0.5770678520202637
0.5636054873466492
0.5517349243164062
0.5510959029197693
0.5636743903160095
0.560336172580719
0.5618717074394226
0.5331928730010986
0.575847327709198
0.5354482531547546
0.5432268381118774
0.5618560314178467
0.5640146732330322
0.5655343532562256
0.5470672845840454
0.5469826459884644
0.5506514310836792
0.5572118759155273
0.5484844446182251
0.5507767796516418
0.5647483468055725
0.5415382981300354
0.557919979095459
0.5629628896713257
0.5423262119293213
0.542620062828064
0.5639688968658447
0.5550280809402466
0.5534881353378296
0.5308866500854492
0.5503752827644348
0.5494440197944641
0.5604801177978516
0.5580736398696899
0.5626609325408936
0.5377395153045654
0.5546746253967285
0.5506042838096619
0.5599507093429565
0.5585961937904358
0.5348128080368042
0.5613682866096497
0.5569164752960205
0.5330505967140198
0.544087827205658
0.553770124912262
0.5511987209320068
0.553024172782898
0.5643057227134705
0.5405548810958862
0.5625138282775879
0.5483525991439819
0.5565060377120972
0.5413353443145752
0.5583948493003845
0.5621554851531982
0.5462979674339294
0.5218383073806763
0.549394965171814
0.5547451376914978
0.5401352643966675
0.5454064607620239
0.5621325373649597
0.5537893772125244
0.5557845234870911
0.5569419264793396
0.5602034330368042
0.5315354466438293
0.544752836227417
0.5562021732330322
0.5535131692886353
0.5749495625495911
0.5640168190002441
0.55333411693573
0.5464484095573425
0.555314302444458
0.5534121990203857
0.5341553092002869
0.5792567729949951
0.5341799259185791
0.5477923154830933
0.5705745816230774
0.553058385848999
0.5642924308776855
0.5482901334762573
0.5702481269836426
0.5507286787033081
0.5497661828994751
0.5624328851699829
0.5372586250305176
0.5393504500389099
0.5644307732582092
0.5780918598175049
0.562096357345581
0.5578421950340271
0.5476706624031067
0.5644856691360474
0.5513690710067749
0.5351070165634155
0.5408411026000977
0.5383505821228027
0.5752643346786499
0.5359544157981873
0.5427905321121216
0.5395687818527222
0.5744858980178833
0.5614330768585205
0.5590171217918396
0.5470492243766785
0.5515873432159424
0.5413826704025269
0.5300453901290894
0.5839802026748657
0.5393651723861694
0.5461918115615845
0.5394874215126038
0.5484896302223206
0.5581189393997192
0.5515469908714294
0.5439134240150452
0.6295861005783081
0.5460067391395569
0.5567775964736938
0.5645071268081665
0.5518031716346741
0.5592935085296631
0.5404331684112549
0.5451385974884033
0.5433493852615356
0.5732400417327881
0.5687001943588257
0.5545724630355835
0.5465220808982849
0.5305138230323792
0.5272314548492432
0.5481170415878296
0.5459449291229248
0.561237096786499
0.534876823425293
0.5513370633125305
0.5586376190185547
0.5706371068954468
0.5663361549377441
0.5526518821716309
0.5468755960464478
0.5382813215255737
0.5494640469551086
0.55400550365448
0.5327340364456177
0.5302349328994751
0.5503368377685547
0.5599567294120789
0.542453944683075
0.5606552362442017
0.5540344715118408
0.5594056248664856
0.5496833324432373
0.5464366674423218
0.5423448085784912
0.5639845132827759
0.5425918698310852
0.5575820207595825
0.5618783235549927
0.5475822687149048
0.5462141036987305
0.5440759658813477
0.5498453378677368
0.5583887100219727
0.5453301668167114
0.5732032656669617
0.5544247627258301
0.5368303656578064
0.5517715215682983
0.5517768859863281
0.5522623658180237
0.5506254434585571
0.5393984913825989
0.5439280867576599
0.5316036939620972
0.5389935374259949
0.5552012920379639
0.563851535320282
0.5571995973587036
0.5423907041549683
0.5624720454216003
0.5362333655357361
0.5429403185844421
0.5617588758468628
0.5354698896408081
0.5509293079376221
0.5398979783058167
0.5583583116531372
0.5370288491249084
0.5559144020080566
0.563865065574646
0.5538703203201294
0.5474931001663208
0.5448769927024841
0.5525683760643005
0.5529413223266602
0.5396652817726135
0.5450319647789001
0.5533204078674316
0.5540701150894165
0.532598078250885
0.5399912595748901
0.5660980343818665
0.5434370040893555
0.5356243848800659
0.5484589338302612
0.5594088435173035
0.551802396774292
0.5657395720481873
0.5575536489486694
0.5413384437561035
0.5319124460220337
0.5381484627723694
0.5540804266929626
0.561911940574646
0.5518603920936584
0.5541170835494995
0.5410464406013489
0.5456753969192505
0.545609176158905
0.5536556243896484
0.5563708543777466
0.5513290762901306
0.5467253923416138
0.5476086735725403
0.5417172312736511
0.5485418438911438
0.5435170531272888
0.5894572734832764
0.5413017272949219
0.5407718420028687
0.5434815883636475
0.5550337433815002
0.5585635900497437
0.5616623163223267
0.5308423042297363
0.559027910232544
0.5295906066894531
0.548235297203064
0.5488357543945312
0.5385968685150146
0.5627368688583374
0.5664120316505432
0.5357154011726379
0.537805438041687
0.5472282767295837
0.5478525161743164
0.5546767115592957
0.5795199871063232
0.5685955882072449
0.5488162040710449
0.5615234971046448
0.5510371923446655
0.5475087761878967
0.5351148843765259
0.5532492399215698
0.5351348519325256
0.5347906947135925
0.5589196681976318
0.5486364364624023
0.5529412627220154
0.5501638650894165
0.5433387756347656
0.5541271567344666
0.5385337471961975
0.5605819821357727
0.5497928857803345
0.5488234162330627
0.5305982828140259
0.5503491163253784
0.5538588762283325
0.5397391319274902
0.5597336292266846
0.5402146577835083
0.5684115886688232
0.538053572177887
0.5309571027755737
0.5477469563484192
0.5511621236801147
0.542741060256958
0.561486005783081
0.5368306636810303
0.5362607836723328
0.5498308539390564
0.5465208888053894
0.5462837815284729
0.5465230941772461
0.5498784780502319
0.5416586995124817
0.5671735405921936
0.531272292137146
0.556624174118042
0.5489017367362976
0.5376580357551575
0.5489092469215393
0.5515831708908081
0.5523593425750732
0.532568633556366
0.5644394755363464
0.5525064468383789
0.5348342657089233
0.5416578054428101
0.5321592688560486
0.5579289793968201
0.543136477470398
0.5731057524681091
0.5403915643692017
0.5585896968841553
0.556669294834137
0.5445517897605896
0.5372714996337891
0.5371736288070679
0.5464246869087219
0.5412195920944214
0.5583850145339966
0.5458564758300781
0.5504100918769836
0.5352780222892761
0.5341865420341492
0.5725402235984802
0.5503587126731873
0.5707226991653442
0.5366342663764954
0.522508978843689
0.5389257669448853
0.5485876798629761
0.576085090637207
0.5357323884963989
0.5507670044898987
0.5463973879814148
0.5478419065475464
0.5409281253814697
0.5530171990394592
0.5551213026046753
0.5364608764648438
0.5580318570137024
0.53652024269104
0.558876633644104
0.5312871932983398
0.5441593527793884
0.5844074487686157
0.5432789325714111
0.5538715720176697
0.548575758934021
0.5577216744422913
0.520085334777832
0.5443294048309326
0.5791451930999756
0.547510027885437
0.5463083386421204
0.5363350510597229
0.5394068360328674
0.55052649974823
0.5365545749664307
0.585250973701477
0.542992889881134
0.5444910526275635
0.5475884675979614
0.5323294997215271
0.5454348921775818
0.5463785529136658
0.5388756990432739
0.5378722548484802
0.519917905330658
0.5470404028892517
0.5504508018493652
0.5491228103637695
0.5641534924507141
0.5643851161003113
0.5505824089050293
0.5351311564445496
0.5347286462783813
0.5424848794937134
0.5525354146957397
0.5617930889129639
0.5757031440734863
0.5452505946159363
0.539609432220459
0.5419787168502808
0.5221682190895081
0.5619271993637085
0.5681867599487305
0.5556764602661133
0.5444729328155518
0.5462244749069214
0.5501832962036133
0.549823522567749
0.5451878309249878
0.5398765206336975
0.5549787282943726
0.5503676533699036
0.5326766967773438
0.5451246500015259
0.5696799755096436
0.5395017862319946
0.5297647714614868
0.5818194150924683
0.5454831719398499
0.5386838316917419
0.55345618724823
0.5511636734008789
0.5361524224281311
0.5449723601341248
0.5634186267852783
0.5392820835113525
0.5636589527130127
0.5369534492492676
0.5371326208114624
0.5500953197479248
0.5456525087356567
0.5624427199363708
0.5447598099708557
0.5571525692939758
0.5367221236228943
0.5459427237510681
0.5527534484863281
0.5396719574928284
0.5553264021873474
0.5491002798080444
0.5594063997268677
0.5422917008399963
0.5571920871734619
0.525659441947937
0.5378174185752869
0.5366103649139404
0.548572838306427
0.558154821395874
0.5345185995101929
0.5463657975196838
0.5299192667007446
0.5501415729522705
0.5490791201591492
0.5516108870506287
0.5448509454727173
0.534365177154541
0.5441585183143616
0.5552414655685425
0.5270363688468933
0.5775794386863708
0.5359747409820557
0.5311459302902222
0.5429084300994873
0.5350097417831421
0.5568722486495972
0.5550847053527832
0.5667085647583008
0.550972580909729
0.5315476059913635
0.5293197631835938
0.5485414266586304
0.5392723083496094
0.5699558258056641
0.561832070350647
0.5654178857803345
0.5520778894424438
0.5405152440071106
0.5294439792633057
0.5320841073989868
0.5538873076438904
0.5346375107765198
0.5349161624908447
0.5459595918655396
0.5562881827354431
0.5329168438911438
0.5379376411437988
0.5570986270904541
0.5641250610351562
0.5425304770469666
0.5512213706970215
0.5420783758163452
0.5365748405456543
0.5412662029266357
0.5464726090431213
0.5221097469329834
0.530288815498352
0.5410774946212769
0.543287456035614
0.545147180557251
0.5464576482772827
0.5420433282852173
0.5618865489959717
0.5282054543495178
0.5387809872627258
0.5469772815704346
0.5417871475219727
0.5452957153320312
0.5444933772087097
0.5700746178627014
0.5546965003013611
0.5420989394187927
0.539274275302887
0.5443402528762817
0.5514049530029297
0.53908771276474
0.5198502540588379
0.5390220880508423
0.5269039869308472
0.5487121939659119
0.5536397695541382
0.540440022945404
0.5421400666236877
0.5544594526290894
0.5426859855651855
0.5355145931243896
0.5397571921348572
0.5438956022262573
0.5402302742004395
0.5381723046302795
0.5886142253875732
0.5464150905609131
0.5246268510818481
0.5489517450332642
0.5403004288673401
0.5505063533782959
0.5455078482627869
0.5664767026901245
0.5396407246589661
0.547588586807251
0.5241569876670837
0.5621694326400757
0.5494643449783325
0.534878671169281
0.5400373339653015
0.5605277419090271
0.541483998298645
0.5284277200698853
0.5356428027153015
0.5443811416625977
0.5401174426078796
0.5857818126678467
0.5544351935386658
0.5479955077171326
0.543570876121521
0.5278167724609375
0.547444224357605
0.5428709387779236
0.543342649936676
0.5493510961532593
0.5626873970031738
0.5396944284439087
0.5323627591133118
0.5454691052436829
0.5348542332649231
0.5212141275405884
0.5541321635246277
0.5308510065078735
0.5584821701049805
0.5292168259620667
0.5557679533958435
0.5305368900299072
0.5367605686187744
0.5460842847824097
0.537750780582428
0.5651289224624634
0.52796471118927
0.5492031574249268
0.5363283157348633
0.5679963231086731
0.5447278022766113
0.5292286276817322
0.554121732711792
0.5537198185920715
0.5330166816711426
0.5462080836296082
0.5452338457107544
0.5596470236778259
0.557726263999939
0.5399717688560486
0.5220509767532349
0.5352368354797363
0.5403093099594116
0.533174991607666
0.5155389904975891
0.5468915104866028
0.5479117631912231
0.5403497219085693
0.5399186611175537
0.5442208051681519
0.5915257930755615
0.5365166664123535
0.5546247959136963
0.5305107831954956
0.5372357368469238
0.5417231917381287
0.5518792867660522
0.5619007349014282
0.5516092777252197
0.5639399290084839
0.5236015319824219
0.5433977246284485
0.5383661985397339
0.536399245262146
0.5487848520278931
0.5306926369667053
0.5421920418739319
0.5440682172775269
0.5523637533187866
0.5252410769462585
0.550937294960022
0.5520347952842712
0.5159011483192444
0.5442171692848206
0.5471611618995667
0.5493798851966858
0.5433579683303833
0.5540801286697388
0.5367335081100464
0.5420945882797241
0.5395143032073975
0.541954755783081
0.537216305732727
0.5397578477859497
0.5495375990867615
0.5474033951759338
0.53374183177948
0.5360761284828186
0.5616090297698975
0.529313325881958
0.5390262603759766
0.5398858785629272
0.5579864382743835
0.5460280776023865
0.5462954044342041
0.5443171858787537
0.5274105668067932
0.5424073934555054
0.5398233532905579
0.5341981649398804
0.5446107983589172
0.5179629921913147
0.5539224743843079
0.5451173782348633
0.5457383990287781
0.5342549085617065
0.5342108607292175
0.5467081665992737
0.5443791747093201
0.5509103536605835
0.5383596420288086
0.5283984541893005
0.5427995920181274
0.49885863065719604
0.5400959253311157
0.545854926109314
0.547393798828125
0.5426142811775208
0.5485766530036926
0.5289167761802673
0.5234220027923584
0.5362861752510071
0.5627148151397705
0.5377216935157776
0.5399569869041443
0.5483225584030151
0.524430513381958
0.5539043545722961
0.5448007583618164
0.5234699845314026
0.5287644863128662
0.5496963262557983
0.5439590215682983
0.5497996807098389
0.5491042137145996
0.5483018159866333
0.5326733589172363
0.5232551097869873
0.5465397834777832
0.5341912508010864
0.5580674409866333
0.5488031506538391
0.5404500961303711
0.550413966178894
0.5370320081710815
0.5344372987747192
0.5433554649353027
0.537112832069397
0.5376710295677185
0.5190976858139038
0.5658215284347534
0.5482097268104553
0.5401145815849304
0.5307459831237793
0.5394800901412964
0.5243968367576599
0.5440586805343628
0.5246421098709106
0.5555172562599182
0.5310626029968262
0.5593017935752869
0.5285501480102539
0.5462461709976196
0.5264334082603455
0.5347840785980225
0.535248875617981
0.5547852516174316
0.5528241395950317
0.5419669151306152
0.5625242590904236
0.545711874961853
0.5388383865356445
0.5329253673553467
0.5418485403060913
0.5428906083106995
0.5297540426254272
0.5695375204086304
0.5489082932472229
0.5378851890563965
0.5149393677711487
0.549497127532959
0.539910614490509
0.5566279888153076
0.5553244948387146
0.5413457155227661
0.5291712284088135
0.550610363483429
0.5374824404716492
0.5494940280914307
0.5223631262779236
0.5655262470245361
0.539458155632019
0.5591863989830017
0.5546075105667114
0.5343509912490845
0.5241647362709045
0.5270395278930664
0.5626574754714966
0.5449734926223755
0.5168289542198181
0.5236592888832092
0.5591277480125427
0.5349080562591553
0.5565444231033325
0.5594519376754761
0.5557452440261841
0.539678692817688
0.5257053375244141
0.543410062789917
0.5450882911682129
0.5364129543304443
0.5031706094741821
0.5496018528938293
0.5399292707443237
0.5373464822769165
0.5369970798492432
0.5304701328277588
0.5442860722541809
0.5385804176330566
0.5410811901092529
0.5526320934295654
0.5158122777938843
0.5404781103134155
0.5500183701515198
0.5363665223121643
0.5429034233093262
0.5400367975234985
0.5232234001159668
0.5378398299217224
0.5378638505935669
0.5333818793296814
0.555936336517334
0.5705400109291077
0.5503288507461548
0.5366191864013672
0.5287889242172241
0.5359734296798706
0.5450084209442139
0.531219482421875
0.6090945601463318
0.5358927845954895
0.538393497467041
0.554421603679657
0.5353482961654663
0.5536271333694458
0.532873272895813
0.5400234460830688
0.5280339121818542
0.54734206199646
0.5406129956245422
0.5447109937667847
0.5386613607406616
0.5323214530944824
0.5753451585769653
0.5490338802337646
0.5421910285949707
0.5320115685462952
0.545270562171936
0.5241456031799316
0.5347632169723511
0.5760213732719421
0.5415220856666565
0.5361540913581848
0.5432196259498596
0.532265841960907
0.5393712520599365
0.5400345325469971
0.5837575197219849
0.5431853532791138
0.5242117643356323
0.5339480638504028
0.5465610027313232
0.5343658924102783
0.5494461059570312
0.5773637890815735
0.535255491733551
0.5630699396133423
0.5364523530006409
0.5439858436584473
0.5345773100852966
0.5293750166893005
0.5518208146095276
0.5315172672271729
0.5388075709342957
0.5640560388565063
0.5368516445159912
0.5255152583122253
0.5476219654083252
0.5380794405937195
0.5563567876815796
0.5352084040641785
0.5260454416275024
0.538520097732544
0.5348448157310486
0.5392465591430664
0.5474902987480164
0.5331665277481079
0.5426111221313477
0.540522575378418
0.5374650955200195
0.5406607389450073
0.5313324928283691
0.5475466847419739
0.5414972901344299
0.5398274064064026
0.514484167098999
0.5478782057762146
0.5528020858764648
0.532697856426239
0.5479867458343506
0.5454884171485901
0.5419889092445374
0.541946291923523
0.5177381634712219
0.5357444286346436
0.5421150326728821
0.5796632170677185
0.5327517986297607
0.5330113172531128
0.5325755476951599
0.526289701461792
0.5534666776657104
0.5491454005241394
0.582662045955658
0.5305137634277344
0.541063129901886
0.5342912077903748
0.5450890064239502
0.5484532117843628
0.5382037162780762
0.5661056041717529
0.540036678314209
0.5372920036315918
0.53313148021698
0.5478258728981018
0.54459148645401
0.5217767357826233
0.5716239213943481
0.5329763889312744
0.5455936789512634
0.5575729012489319
0.5417517423629761
0.5337874889373779
0.5233452916145325
0.5501448512077332
0.5375199913978577
0.5366519689559937
0.5275405645370483
0.5377635359764099
0.5583365559577942
0.5399590730667114
0.5190640687942505
0.5428947806358337
0.5356334447860718
0.5318184494972229
0.5300896167755127
0.553811252117157
0.535815954208374
0.550787627696991
0.5398650169372559
0.5339736938476562
0.5390454530715942
0.5331172943115234
0.5304269790649414
0.5573133230209351
0.5149680376052856
0.5344565510749817
0.5327363610267639
0.5329080820083618
0.5456606149673462
0.5620922446250916
0.5330777168273926
0.509264349937439
0.5450371503829956
0.5375843048095703
0.5364049673080444
0.5352872610092163
0.5404794812202454
0.5452405214309692
0.5250953435897827
0.5354751348495483
0.5374215245246887
0.501069188117981
0.5313597321510315
0.5660609006881714
0.5511592030525208
0.5845565795898438
0.5420243740081787
0.5538785457611084
0.5383312702178955
0.5314884185791016
0.5361683964729309
0.5318674445152283
0.5274180173873901
0.536091685295105
0.5319752097129822
0.5241389870643616
0.5374974608421326
0.5371533632278442
0.5563311576843262
0.5412183403968811
0.5361119508743286
0.5337836146354675
0.5371648073196411
0.5487103462219238
0.5267382860183716
0.5388119220733643
0.5406287312507629
0.5321310758590698
0.546051025390625
0.5449473857879639
0.5455135107040405
0.5253341197967529
0.5231753587722778
0.5433293581008911
0.5412716865539551
0.5332920551300049
0.5339494943618774
0.5282835960388184
0.5408704876899719
0.5378676652908325
0.567523717880249
0.5443407297134399
0.535979688167572
0.533085286617279
0.5330705642700195
0.5359116792678833
0.5295582413673401
0.5917341709136963
0.5528345704078674
0.5354112386703491
0.5309213399887085
0.5355806350708008
0.5387126207351685
0.5335785746574402
0.5586133599281311
0.5282288789749146
0.54897141456604
0.5344702005386353
0.5360957384109497
0.5323233604431152
0.5497605204582214
0.5521782636642456
0.5553736686706543
0.5271020531654358
0.527519941329956
0.5127320885658264
0.5445096492767334
0.5573700666427612
0.5903366804122925
0.5291199684143066
0.5384726524353027
0.5477397441864014
0.5408589243888855
0.5342013239860535
0.5387933850288391
0.546746015548706
0.5415782928466797
0.534919261932373
0.5109580159187317
0.5337746143341064
0.549688458442688
0.554967999458313
0.5465078949928284
0.5273351669311523
0.5216064453125
0.5469695329666138
0.5393332839012146
0.5434443354606628
0.5382409691810608
0.5498367547988892
0.5436143279075623
0.5388268828392029
0.5372854471206665
0.5316123962402344
0.5272084474563599
0.5449874997138977
0.5277304649353027
0.53299880027771
0.531886100769043
0.5365275144577026
0.5263733267784119
0.5378928184509277
0.5444466471672058
0.5663429498672485
0.5337668657302856
0.5438350439071655
0.5316265225410461
0.5408788919448853
0.5406445860862732
0.5311973094940186
0.5305182933807373
0.5357698202133179
0.5297044515609741
0.5260018706321716
0.546288251876831
0.5329724550247192
0.5463482737541199
0.5251892805099487
0.5372233390808105
0.5364367961883545
0.5427844524383545
0.5175386667251587
0.5498858690261841
0.5367350578308105
0.5275996327400208
0.5465994477272034
0.541260838508606
0.5276730060577393
0.5272873044013977
0.5233026742935181
0.5482023358345032
0.5691238641738892
0.5271375179290771
0.5330883860588074
0.5265887379646301
0.5440929532051086
0.5326670408248901
0.5512425899505615
0.560595691204071
0.5415385961532593
0.5432143211364746
0.5207522511482239
0.5309552550315857
0.5559894442558289
0.5219095349311829
0.5534180402755737
0.5481075644493103
0.5215630531311035
0.5301315784454346
0.5384361147880554
0.5297572612762451
0.5473054051399231
0.5475952625274658
0.5409361124038696
0.5272591710090637
0.5449596643447876
0.511789083480835
0.5433130860328674
0.5374633073806763
0.5695323944091797
0.5468999743461609
0.5473323464393616
0.522026777267456
0.5224193334579468
0.5529890656471252
0.5345636010169983
0.521647572517395
0.5393282175064087
0.5354506969451904
0.5265457630157471
0.5334014892578125
0.5323623418807983
0.5366528034210205
0.5614981651306152
0.5409583449363708
0.5115300416946411
0.535984218120575
0.5366561412811279
0.5684574842453003
0.5301481485366821
0.5584256649017334
0.5338119268417358
0.539656400680542
0.536008358001709
0.5417757034301758
0.5274392366409302
0.5423395037651062
0.5431073307991028
0.5470210313796997
0.5507793426513672
0.5361684560775757
0.5215635895729065
0.5178749561309814
0.5502545237541199
0.5134968757629395
0.5401462316513062
0.5426275134086609
0.5345475673675537
0.5440511703491211
0.5141075849533081
0.5363873839378357
0.5471029281616211
0.5282394289970398
0.5349612832069397
0.5237826108932495
0.5466552972793579
0.5408785343170166
0.5228214263916016
0.605443000793457
0.5403689742088318
0.5433797836303711
0.5434682965278625
0.52435302734375
0.5378961563110352
0.5207683444023132
0.5996838212013245
0.5575380325317383
0.5441246032714844
0.5339550971984863
0.5230379104614258
0.540730357170105
0.532478392124176
0.5310273170471191
0.5331965684890747
0.5484954714775085
0.5459973812103271
0.5188062787055969
0.5263090133666992
0.5455057621002197
0.559176504611969
0.5364195108413696
0.5339798927307129
0.5307757258415222
0.5355623960494995
0.5293899774551392
0.5384976267814636
0.5656280517578125
0.5437997579574585
0.538110077381134
0.543381929397583
0.5310004949569702
0.5380621552467346
0.5266852378845215
0.5168987512588501
0.5319855213165283
0.5364884734153748
0.5407271385192871
0.5520704984664917
0.5105679035186768
0.5489081740379333
0.5412483811378479
0.557794988155365
0.5338335633277893
0.5272746682167053
0.5324221849441528
0.5473467111587524
0.5279204249382019
0.543046236038208
0.5448946356773376
0.5355625748634338
0.5273595452308655
0.5428091287612915
0.5233968496322632
0.5395385026931763
0.5574800372123718
0.5314650535583496
0.5349250435829163
0.5441167950630188
0.5389178991317749
0.5249354839324951
0.5314862728118896
0.5604830384254456
0.5641661286354065
0.5228592157363892
0.5464610457420349
0.528653621673584
0.5296056270599365
0.5206384062767029
0.5341336727142334
0.5226658582687378
0.539903998374939
0.5384789705276489
0.5425529479980469
0.5228749513626099
0.5537916421890259
0.5442914366722107
0.5413654446601868
0.5433942079544067
0.5428683757781982
0.5256325602531433
0.5161957740783691
0.5308178663253784
0.5804351568222046
0.5242346525192261
0.5581817626953125
0.5329925417900085
0.5337624549865723
0.5231961011886597
0.5436760187149048
0.5283175110816956
0.5403674840927124
0.5234650373458862
0.5362988710403442
0.5376648902893066
0.5311853885650635
0.5289285182952881
0.5681114792823792
0.5186654329299927
0.5309063196182251
0.5526747703552246
0.5473166704177856
0.5215147137641907
0.5307773351669312
0.5741047263145447
0.5262550115585327
0.5362271666526794
0.5423578023910522
0.5383897423744202
0.5406028032302856
0.5279946327209473
0.5213311314582825
0.5428531765937805
0.5215662121772766
0.5507360696792603
0.5333744287490845
0.5295130014419556
0.5387880802154541
0.5196933150291443
0.5411746501922607
0.5335216522216797
0.5605995655059814
0.5326919555664062
0.5178439021110535
0.5285732746124268
0.5263477563858032
0.5472981333732605
0.5286877751350403
0.5153247117996216
0.5256032943725586
0.5422101616859436
0.544333279132843
0.5695393085479736
0.5175846815109253
0.5126544237136841
0.5610004663467407
0.5196025371551514
0.5634162425994873
0.5415830612182617
0.5565056800842285
0.5586476922035217
0.5317541360855103
0.5104225873947144
0.5489335060119629
0.5274936556816101
0.5279369354248047
0.546658992767334
0.528870165348053
0.5195595026016235
0.540189802646637
0.5467959642410278
0.5533994436264038
0.524074375629425
0.5401212573051453
0.5499466061592102
0.5356785655021667
0.5338402986526489
0.5078556537628174
0.5415577292442322
0.5329979062080383
0.5594834685325623
0.525542140007019
0.5297568440437317
0.5210263729095459
0.5234808325767517
0.5488470196723938
0.5638818740844727
0.49952250719070435
0.5332571268081665
0.5539982318878174
0.526795506477356
0.5302405953407288
0.532072126865387
0.5380570888519287
0.5188886523246765
0.5368653535842896
0.5583900809288025
0.5359457731246948
0.515893816947937
0.5274965763092041
0.535630464553833
0.5292851328849792
0.5335314273834229
0.5296404957771301
0.5433207154273987
0.5342935919761658
0.5276509523391724
0.543950617313385
0.539225697517395
0.5518782138824463
0.5279371738433838
0.5136618614196777
0.5369839668273926
0.5132428407669067
0.5592434406280518
0.5475380420684814
0.5368703007698059
0.5337565541267395
0.5274301767349243
0.542123019695282
0.5192359685897827
0.5400820970535278
0.5690007209777832
0.53024822473526
0.5434644818305969
0.5224746465682983
0.5417458415031433
0.5253666639328003
0.5411953926086426
0.5292243957519531
0.5469396114349365
0.5303907990455627
0.545863926410675
0.5184245109558105
0.520238995552063
0.5424685478210449
0.543744683265686
0.5286171436309814
0.5489649772644043
0.5374758243560791
0.5290430784225464
0.5285288095474243
0.5378791093826294
0.5476199388504028
0.5465265512466431
0.5264245271682739
0.538296103477478
0.535546064376831
0.5248743295669556
0.5317929983139038
0.5427658557891846
0.5306993722915649
0.5297033786773682
0.5370836853981018
0.5520600080490112
0.5392912030220032
0.5109897255897522
0.5500845909118652
0.533082127571106
0.5538263320922852
0.5323355793952942
0.5349122285842896
0.5202646255493164
0.5300717353820801
0.5369316339492798
0.5193845629692078
0.5363304018974304
0.5378872156143188
0.5270639657974243
0.5321144461631775
0.5495941638946533
0.5340628027915955
0.5324584245681763
0.5534738898277283
0.5325957536697388
0.5292863249778748
0.5262474417686462
0.5247179865837097
0.563399076461792
0.5477777123451233
0.520097017288208
0.5231983065605164
0.5383322834968567
0.5268371105194092
0.550300657749176
0.5429824590682983
0.5409901142120361
0.5263960361480713
0.5246943235397339
0.5323636531829834
0.5423888564109802
0.5451583862304688
0.5041517019271851
0.5213104486465454
0.5385708212852478
0.5312126874923706
0.5165156126022339
0.5439609885215759
0.5523902177810669
0.5396220088005066
0.5428836345672607
0.5305584073066711
0.5500949621200562
0.5213127136230469
0.5305689573287964
0.5221336483955383
0.5407373905181885
0.5411285161972046
0.5301517844200134
0.5387203693389893
0.5335443019866943
0.5241264700889587
0.5283642411231995
0.5465426445007324
0.5497082471847534
0.5411880016326904
0.5300951600074768
0.5344562530517578
0.5247567892074585
0.5154820680618286
0.5413047075271606
0.5360094308853149
0.5279499292373657
0.5385713577270508
0.5294022560119629
0.5391227006912231
0.526543140411377
0.5257097482681274
0.5430514812469482
0.5410558581352234
0.5239898562431335
0.5332474708557129
0.5299801826477051
0.5223982334136963
0.5936366319656372
0.5470407605171204
0.5291339755058289
0.5286515355110168
0.5433818697929382
0.5296617746353149
0.5368829965591431
0.5159635543823242
0.5462628602981567
0.5223468542098999
0.5444906949996948
0.5279988050460815
0.5371560454368591
0.5196529626846313
0.5474432706832886
0.535031795501709
0.5270705819129944
0.5560293197631836
0.5211033821105957
0.5352039337158203
0.5350052714347839
0.5161741971969604
0.5579885244369507
0.539247989654541
0.5215527415275574
0.5156069993972778
0.5354685187339783
0.5298428535461426
0.5628170967102051
0.5408100485801697
0.5355087518692017
0.5363481044769287
0.5256186723709106
0.5333267450332642
0.5360642671585083
0.5422892570495605
0.5279771089553833
0.5407984256744385
0.5378458499908447
0.520469069480896
0.5437129735946655
0.5300740003585815
0.5274919867515564
0.5428723096847534
0.5407354235649109
0.5241291522979736
0.5143052339553833
0.5203255414962769
0.5465744733810425
0.5734463334083557
0.5194221138954163
0.5262132883071899
0.5362093448638916
0.5547800064086914
0.5230967998504639
0.5371356010437012
0.5377201437950134
0.541305661201477
0.5336830615997314
0.5289660692214966
0.5244401693344116
0.5487397909164429
0.5172861814498901
0.5310324430465698
0.5310364961624146
0.5559413433074951
0.5478916764259338
0.5428280234336853
0.5150181651115417
0.5000935196876526
0.5442832708358765
0.5327165722846985
0.5374630689620972
0.5353233814239502
0.5383490920066833
0.5258594155311584
0.5314251184463501
0.5051532983779907
0.5156036615371704
0.5523751974105835
0.5482513308525085
0.538663387298584
0.5309091806411743
0.5179930925369263
0.509776771068573
0.537203848361969
0.5473356246948242
0.5280734300613403
0.512480616569519
0.5308979749679565
0.537080705165863
0.579065203666687
0.5314825773239136
0.5488517880439758
0.525948703289032
0.5313942432403564
0.5213898420333862
0.5383540391921997
0.5394443869590759
0.5273773074150085
0.5390740633010864
0.5286853909492493
0.5210347175598145
0.5485323071479797
0.5338185429573059
0.5410432815551758
