0.7541401386260986
0.7106434106826782
0.6457599997520447
0.6764348745346069
0.6374436616897583
0.5900562405586243
0.5256657600402832
0.5582598447799683
0.5440828204154968
0.5352128744125366
0.52824866771698
0.48407459259033203
0.4849493205547333
0.4901125133037567
0.46682998538017273
0.4524518847465515
0.4354941248893738
0.4254753291606903
0.41213858127593994
0.4033406674861908
0.39834949374198914
0.38505983352661133
0.3887292146682739
0.3746742010116577
0.36474546790122986
0.34916460514068604
0.3509715497493744
0.36439642310142517
0.3429548740386963
0.33046257495880127
0.3163115382194519
0.3167276382446289
0.31837528944015503
0.31952786445617676
0.32059499621391296
0.30061548948287964
0.3147527873516083
0.2967146039009094
0.2892078459262848
0.28890755772590637
0.27853745222091675
0.2933531403541565
0.2853130102157593
0.2687392830848694
0.26221150159835815
0.25843173265457153
0.2671886086463928
0.2558857798576355
0.2537255883216858
0.2717423141002655
0.26115497946739197
0.24918434023857117
0.2365969717502594
0.2513343095779419
0.23490369319915771
0.24357253313064575
0.2441503405570984
0.23684147000312805
0.22942829132080078
0.23186293244361877
0.21665966510772705
0.22237935662269592
0.22902986407279968
0.2209530472755432
0.24161718785762787
0.22819821536540985
0.23816613852977753
0.2107674479484558
0.2157275378704071
0.2432451695203781
0.22672247886657715
0.22422687709331512
0.2109266221523285
0.21514444053173065
0.2065037190914154
0.21209757030010223
0.23378567397594452
0.22121703624725342
0.21553663909435272
0.21740834414958954
0.20390480756759644
0.19959084689617157
0.18635982275009155
0.1923534870147705
0.20698389410972595
0.20370952785015106
0.1953277587890625
0.19696271419525146
0.19843769073486328
0.20145994424819946
0.18031208217144012
0.20390743017196655
0.18931090831756592
0.17917364835739136
0.1956419199705124
0.19600968062877655
0.20218485593795776
0.21872472763061523
0.1827312558889389
0.22274437546730042
0.18183088302612305
0.2080574929714203
0.1958324909210205
0.18073289096355438
0.2027159035205841
0.18420247733592987
0.1828436255455017
0.18810537457466125
0.185402512550354
0.18092922866344452
0.1806778609752655
0.18308013677597046
0.18925324082374573
0.17707030475139618
0.18794642388820648
0.18451820313930511
0.1710677444934845
0.19549152255058289
0.21863588690757751
0.18841823935508728
0.1729138344526291
0.1765543669462204
0.1775476038455963
0.17929568886756897
0.17991499602794647
0.17658111453056335
0.1787586212158203
0.18678227066993713
0.1827191561460495
0.1747060865163803
0.16975073516368866
0.1716529130935669
0.19061891734600067
0.1567460298538208
0.1717272400856018
0.1872442066669464
0.1690424680709839
0.16437017917633057
0.17400136590003967
0.1671735942363739
0.1806761920452118
0.1780460923910141
0.17213833332061768
0.16112330555915833
0.16536341607570648
0.15189185738563538
0.22128558158874512
0.1647947132587433
0.21293523907661438
0.1790613830089569
0.16932044923305511
0.1527760624885559
0.1636447012424469
0.23643504083156586
0.17263951897621155
0.17276126146316528
0.1630856841802597
0.15041689574718475
0.16397829353809357
0.17756348848342896
0.1680469810962677
0.15449605882167816
0.17702440917491913
0.1617196500301361
0.173457071185112
0.15190660953521729
0.18024908006191254
0.16865591704845428
0.16999399662017822
0.1805080771446228
0.15948283672332764
0.1586504876613617
0.14724129438400269
0.16480201482772827
0.14978620409965515
0.15547364950180054
0.16563990712165833
0.1513107419013977
0.15718357264995575
0.16722789406776428
0.14755544066429138
0.21051964163780212
0.16726550459861755
0.1486099809408188
0.1658778041601181
0.1695380061864853
0.16143985092639923
0.1644286960363388
0.1770082712173462
0.15566515922546387
0.15558844804763794
0.16472749412059784
0.1526220142841339
0.14286519587039948
0.15607061982154846
0.17182940244674683
0.1765475869178772
0.17242556810379028
0.14573834836483002
0.1443525105714798
0.13949592411518097
0.15602287650108337
0.15413635969161987
0.15718288719654083
0.1567518413066864
0.16569213569164276
0.1608022153377533
0.14973431825637817
0.13958780467510223
0.1472797691822052
0.17210951447486877
0.14895278215408325
0.1503402292728424
0.14649614691734314
0.1491134911775589
0.1457861065864563
0.2124156802892685
0.17003360390663147
0.16996809840202332
0.15259858965873718
0.1704169362783432
0.15027540922164917
0.14658859372138977
0.17823944985866547
0.16050848364830017
0.1689438819885254
0.15778909623622894
0.1496974527835846
0.1464594006538391
0.15592560172080994
0.15732181072235107
0.13694258034229279
0.15302126109600067
0.15401841700077057
0.1490572690963745
0.17317339777946472
0.14262500405311584
0.14630581438541412
0.14070606231689453
0.14499804377555847
0.14018584787845612
0.1629791557788849
0.16105525195598602
0.1480807512998581
0.18282774090766907
0.15609174966812134
0.13800206780433655
0.15246254205703735
0.15671783685684204
0.13383594155311584
0.1385776400566101
0.16384345293045044
0.13335223495960236
0.14521779119968414
0.1390152871608734
0.13308605551719666
0.13992011547088623
0.1855066418647766
0.20125991106033325
0.14965566992759705
0.15037016570568085
0.14463070034980774
0.15247923135757446
0.14829011261463165
0.12745510041713715
0.15310803055763245
0.14282310009002686
0.13233394920825958
0.14759042859077454
0.14198347926139832
0.144292950630188
0.16811184585094452
0.14347119629383087
0.1413670778274536
0.13838955760002136
0.16964659094810486
0.13107627630233765
0.1363188624382019
0.1452154815196991
0.14376038312911987
0.14390075206756592
0.16222664713859558
0.13490861654281616
0.15004917979240417
0.13018539547920227
0.13352790474891663
0.12321364134550095
0.1380304992198944
0.12523253262043
0.13780701160430908
0.14071360230445862
0.1345844566822052
0.15247611701488495
0.1300767958164215
0.14179950952529907
0.1464615762233734
0.13316072523593903
0.1459011286497116
0.135325089097023
0.12597060203552246
0.13687029480934143
0.1405845284461975
0.14147020876407623
0.15559914708137512
0.1419288069009781
0.14050117135047913
0.13136173784732819
0.14091607928276062
0.13368746638298035
0.11794792115688324
0.14704588055610657
0.16200372576713562
0.13982994854450226
0.1366192102432251
0.16005709767341614
0.13369742035865784
0.1333668828010559
0.13191093504428864
0.12443031370639801
0.1363549679517746
0.1417352557182312
0.13414640724658966
0.15395203232765198
0.1415698230266571
0.13067294657230377
0.12206865847110748
0.12163116782903671
0.12964309751987457
0.13875605165958405
0.1542157530784607
0.13108429312705994
0.12389861047267914
0.11637303233146667
0.1347002238035202
0.13324198126792908
0.19536545872688293
0.14320987462997437
0.15065234899520874
0.12537142634391785
0.13166959583759308
0.1382320672273636
0.12828966975212097
0.1282956600189209
0.12381606549024582
0.12114140391349792
0.138037770986557
0.1456356942653656
0.14185774326324463
0.13022322952747345
0.1319904327392578
0.12778539955615997
0.12254416942596436
0.13554731011390686
0.12811163067817688
0.12926940619945526
0.14892087876796722
0.15434829890727997
0.1417107731103897
0.13614802062511444
0.1470918357372284
0.13730251789093018
0.12495188415050507
0.11364620923995972
0.1154184341430664
0.13722962141036987
0.1277157962322235
0.12119464576244354
0.13140210509300232
0.1335582435131073
0.1289820373058319
0.14184540510177612
0.12796859443187714
0.13374455273151398
0.12793955206871033
0.12788990139961243
0.12392251938581467
0.11853282898664474
0.12003099918365479
0.1358378678560257
0.1345706284046173
0.13166111707687378
0.12878428399562836
0.11891250312328339
0.12067043036222458
0.13469767570495605
0.12020552158355713
0.11713297665119171
0.12338145077228546
0.11453628540039062
0.12035735696554184
0.1406174600124359
0.14952203631401062
0.12938503921031952
0.12579764425754547
0.1361389458179474
0.12543129920959473
0.12566077709197998
0.12102483212947845
0.12538358569145203
0.1208869218826294
0.13371917605400085
0.11639519035816193
0.13436469435691833
0.1242719292640686
0.11990024149417877
0.1298222690820694
0.1182001531124115
0.1179855614900589
0.1281675398349762
0.1184520348906517
0.1185525581240654
0.1199493259191513
0.13225209712982178
0.12594443559646606
0.1199207603931427
0.12815015017986298
0.11241647601127625
0.11274634301662445
0.12126355618238449
0.1410330981016159
0.14855408668518066
0.12229564040899277
0.12021534144878387
0.11723490804433823
0.1213318333029747
0.10785771906375885
0.12513679265975952
0.10852567851543427
0.12252679467201233
0.12669730186462402
0.12071292847394943
0.11304431408643723
0.11314253509044647
0.12984204292297363
0.12784337997436523
0.11775188148021698
0.10903637111186981
0.1228422150015831
0.10853810608386993
0.12025835365056992
0.13812685012817383
0.11504625529050827
0.1179039478302002
0.11429710686206818
0.12498311698436737
0.12571591138839722
0.11582165956497192
0.11281462013721466
0.1137542575597763
0.12400186061859131
0.12383773922920227
0.1114916205406189
0.10524439066648483
0.1160242110490799
0.11212027072906494
0.10992178320884705
0.11767598241567612
0.10124339908361435
0.11467854678630829
0.12223180383443832
0.10916992276906967
0.13150140643119812
0.10848051309585571
0.10738654434680939
0.1090712770819664
0.11471729725599289
0.12815791368484497
0.1134609505534172
0.11352987587451935
0.12774315476417542
0.10735715925693512
0.10841260850429535
0.10756014287471771
0.12176796048879623
0.1106855720281601
0.10941728204488754
0.10598772764205933
0.10742999613285065
0.10165265202522278
0.12878046929836273
0.10883479565382004
0.1171867772936821
0.14026480913162231
0.1180354505777359
0.11951472610235214
0.11731615662574768
0.11605213582515717
0.11135940998792648
0.10533283650875092
0.1244911402463913
0.11594455689191818
0.11337560415267944
0.11765824258327484
0.12172119319438934
0.11593779176473618
0.10390281677246094
0.11274193227291107
0.11598923802375793
0.10473599284887314
0.10539205372333527
0.1048797219991684
0.11207731813192368
0.10936674475669861
0.1245303675532341
0.13002270460128784
0.10964491963386536
0.0993293821811676
0.1074409931898117
0.10247117280960083
0.09649024903774261
0.13718916475772858
0.11713367700576782
0.11794492602348328
0.10664252936840057
0.1123799979686737
0.10054241865873337
0.10806497931480408
0.10852029919624329
0.10498185455799103
0.10466437041759491
0.10618136823177338
0.10105648636817932
0.10998044908046722
0.10534735023975372
0.1336146891117096
0.10483547300100327
0.12741956114768982
0.11321365088224411
0.10368682444095612
0.09766912460327148
0.10986016690731049
0.14560721814632416
0.1062832921743393
0.11476456373929977
0.10427038371562958
0.1091427430510521
0.10679461061954498
0.10837635397911072
0.1305154263973236
0.1126873716711998
0.09729857742786407
0.10073529183864594
0.10888931155204773
0.10021276772022247
0.11194964498281479
0.09718024730682373
0.10010882467031479
0.10808174312114716
0.09475206583738327
0.12049011886119843
0.10778524726629257
0.0987791046500206
0.14364781975746155
0.0982629656791687
0.11056444048881531
0.10373815149068832
0.11031949520111084
0.1001051664352417
0.10776500403881073
0.11670409142971039
0.09709753841161728
0.09508844465017319
0.11011811345815659
0.09681236743927002
0.10612882673740387
0.10753259062767029
0.11817499995231628
0.10199286043643951
0.10849301517009735
0.11775841563940048
0.10421836376190186
0.10344582796096802
0.10634975880384445
0.09654414653778076
0.1000111848115921
0.10104566812515259
0.10396041721105576
0.10921424627304077
0.09962312877178192
0.09668441861867905
0.10790544003248215
0.09918537735939026
0.10436423867940903
0.09569495171308517
0.09602110832929611
0.0976443886756897
0.10143063962459564
0.12868240475654602
0.09446807950735092
0.10303626954555511
0.10969355702400208
0.09718554466962814
0.11005158722400665
0.10399340838193893
0.09349977970123291
0.10370729863643646
0.09381281584501266
0.09435224533081055
0.10199236124753952
0.11968215554952621
0.09470120072364807
0.109828881919384
0.08933853358030319
0.10850231349468231
0.09710516780614853
0.08689011633396149
0.09459533542394638
0.11010009050369263
0.12846988439559937
0.09798093885183334
0.08997725695371628
0.09798473119735718
0.09849735349416733
0.09905654191970825
0.10599809885025024
0.10851874947547913
0.10593097656965256
0.09891124069690704
0.09893699735403061
0.10265094041824341
0.09036885201931
0.1010633111000061
0.10721587389707565
0.0893334373831749
0.09217816591262817
0.10018518567085266
0.09720531105995178
0.09895353019237518
0.10498407483100891
0.12428101152181625
0.09416647255420685
0.10117387026548386
0.09965049475431442
0.09144245088100433
0.0944017618894577
0.09091358631849289
0.10280424356460571
0.09781825542449951
0.09970593452453613
0.09649424254894257
0.09237274527549744
0.0968865305185318
0.0964256152510643
0.11361127346754074
0.10195189714431763
0.09902875870466232
0.09708447754383087
0.10135228931903839
0.09153293818235397
0.08667495846748352
0.10018720477819443
0.08803895115852356
0.0945180281996727
0.093935027718544
0.08675765246152878
0.09562942385673523
0.0902283787727356
0.12478525936603546
0.08485084772109985
0.09414011240005493
0.10041671991348267
0.08722382038831711
0.08983354270458221
0.09298473596572876
0.10774120688438416
0.08526758849620819
0.10343285650014877
0.10142771899700165
0.096002958714962
0.08918683975934982
0.08872091770172119
0.12324448674917221
0.09165249764919281
0.094520702958107
0.0944032222032547
0.10265761613845825
0.09456418454647064
0.08812567591667175
0.10164838284254074
0.11230745166540146
0.09853475540876389
0.08586744964122772
0.08913823962211609
0.09288859367370605
0.08240378648042679
0.1029534637928009
0.0916270837187767
0.08800994604825974
0.08360347151756287
0.09635396301746368
0.09430842846632004
0.08077728748321533
0.09689010679721832
0.08796654641628265
0.10508923977613449
0.08711182326078415
0.09079408645629883
0.0848754346370697
0.08833359181880951
0.09750241041183472
0.08999290317296982
0.08053960651159286
0.08512304723262787
0.10069801658391953
0.0855027437210083
0.09073306620121002
0.09337575733661652
0.08650058507919312
0.08538433164358139
0.10017454624176025
0.09333880990743637
0.08871588110923767
0.08182748407125473
0.10168403387069702
0.07993299514055252
0.09244008362293243
0.08858352899551392
0.08567188680171967
0.0958552286028862
0.08353833854198456
0.09579159319400787
0.10077529400587082
0.08414389193058014
0.083560511469841
0.07851582765579224
0.08670922368764877
0.0987498089671135
0.08595909178256989
0.08126143366098404
0.08937381953001022
0.08076753467321396
0.08466631174087524
0.08190574496984482
0.08636991679668427
0.08945125341415405
0.08399508893489838
0.09229537099599838
0.08235493302345276
0.08179052174091339
0.08275718241930008
0.0754665806889534
0.085703544318676
0.08549492806196213
0.09062613546848297
0.07636456191539764
0.08738523721694946
0.07942689955234528
0.08595895767211914
0.09303544461727142
0.08877837657928467
0.07874685525894165
0.07458376884460449
0.08578339219093323
0.08549484610557556
0.08835675567388535
0.1091986820101738
0.08545474708080292
0.08393457531929016
0.07896372675895691
0.09529528021812439
0.08175907284021378
0.08315227180719376
0.08849136531352997
0.07867959141731262
0.07913838326931
0.09089341014623642
0.07985690236091614
0.07856721431016922
0.0780770406126976
0.08479046076536179
0.07920940220355988
0.0810135155916214
0.0756009966135025
0.07330045104026794
0.08415861427783966
0.07998860627412796
0.09779475629329681
0.08473053574562073
0.08537738025188446
0.07690562307834625
0.07910753041505814
0.08589178323745728
0.0870235487818718
0.0916057750582695
0.10801173746585846
0.08470248430967331
0.08390583842992783
0.08374729752540588
0.08273802697658539
0.08038133382797241
0.11611326783895493
0.08670525252819061
0.08493783324956894
0.08992498368024826
0.08442210406064987
0.08110950887203217
0.08625401556491852
0.11147649586200714
0.09165551513433456
0.08557268977165222
0.08610903471708298
0.07849577814340591
0.08042216300964355
0.08029608428478241
0.09774798154830933
0.07998572289943695
0.08491631597280502
0.08630931377410889
0.09033944457769394
0.08278224617242813
0.07609441131353378
0.07906752824783325
0.0801352709531784
0.08676636219024658
0.0764448344707489
0.07473321259021759
0.07625235617160797
0.07837502658367157
0.12909799814224243
0.09439131617546082
0.09311049431562424
0.08189412951469421
0.07777431607246399
0.06647081673145294
0.08317020535469055
0.13226667046546936
0.08118881285190582
0.07670613378286362
0.0810529887676239
0.07940560579299927
0.07748864591121674
0.078155517578125
0.08674296736717224
0.07274982333183289
0.07560181617736816
0.08834712952375412
0.07500719279050827
0.0760723203420639
0.0762651339173317
0.10958559811115265
0.08473940938711166
0.08717530965805054
0.08603203296661377
0.07872290909290314
0.0673770159482956
0.08505063503980637
0.09950806945562363
0.07751777768135071
0.07708090543746948
0.07651156187057495
0.08223360031843185
0.0699928030371666
0.08798152208328247
0.09215082228183746
0.07631493359804153
0.0766180008649826
0.07763897627592087
0.07910862565040588
0.07400825619697571
0.0707462728023529
0.09472161531448364
0.08535503596067429
0.0792037695646286
0.07481563091278076
0.0738585814833641
0.0716589093208313
0.08406674861907959
0.07041846960783005
0.07765325903892517
0.06890149414539337
0.08220067620277405
0.07132934778928757
0.06836079061031342
0.07649654150009155
0.07169212400913239
0.07793919742107391
0.08155244588851929
0.07361121475696564
0.07058291137218475
0.06830476969480515
0.07627014070749283
0.08907349407672882
0.07705438137054443
0.07092355191707611
0.07151012122631073
0.08714880049228668
0.0838715136051178
0.07494141161441803
0.08689524978399277
0.07486937940120697
0.07577905803918839
0.07101666927337646
0.0703391283750534
0.07743579149246216
0.08072201162576675
0.07425524294376373
0.07440823316574097
0.08047398924827576
0.07271784543991089
0.07172956317663193
0.07740534842014313
0.07374972105026245
0.08924210071563721
0.08351825177669525
0.06884622573852539
0.06801498681306839
0.08245529234409332
0.06810854375362396
0.088621124625206
0.08557148277759552
0.07747279107570648
0.07812522351741791
0.06954415887594223
0.0748358964920044
0.07387883961200714
0.0797843188047409
0.10759969800710678
0.07866216450929642
0.07543569803237915
0.07491329312324524
0.07312088459730148
0.07773734629154205
0.06570372730493546
0.07995148003101349
0.0585424080491066
0.08276614546775818
0.07121054083108902
0.07870502769947052
0.06705647706985474
0.07717794179916382
0.08130505681037903
0.06972125172615051
0.06878167390823364
0.07452254742383957
0.066346675157547
0.0690641701221466
0.06493039429187775
0.07512083649635315
0.06579522788524628
0.06924429535865784
0.07511231303215027
0.07166820764541626
0.06926023960113525
0.06794469058513641
0.07925532758235931
0.07273945212364197
0.06907473504543304
0.06698690354824066
0.06712625175714493
0.07422186434268951
0.060653578490018845
0.09002804011106491
0.08900810778141022
0.08422865718603134
0.07122147083282471
0.0762588307261467
0.07497270405292511
0.07016532123088837
0.08251573145389557
0.08682399988174438
0.06422905623912811
0.06552794575691223
0.06585542857646942
0.06350208818912506
0.0634121298789978
0.10667169094085693
0.0788164883852005
0.07061763107776642
0.06918266415596008
0.07370057702064514
0.06423968076705933
0.0648503303527832
0.10408875346183777
0.09047219157218933
0.07569392025470734
0.07179341465234756
0.07341435551643372
0.07036736607551575
0.06982624530792236
0.08260527998209
0.06538475304841995
0.07413112372159958
0.06639009714126587
0.07075095921754837
0.06966603547334671
0.06958335638046265
0.10499109327793121
0.065681591629982
0.06688684970140457
0.07020272314548492
0.06430534273386002
0.08264927566051483
0.07425373792648315
0.08066034317016602
0.07154133915901184
0.06821215152740479
0.0711844265460968
0.06895345449447632
0.0587676540017128
0.06916168332099915
0.06014644727110863
0.06970034539699554
0.05666235089302063
0.06731300055980682
0.0712500810623169
0.08207464218139648
0.07025732100009918
0.08479194343090057
0.06551554799079895
0.07028336822986603
0.062467850744724274
0.06045461446046829
0.07567142695188522
0.060221076011657715
0.10026749223470688
0.07033143192529678
0.07063832879066467
0.06393403559923172
0.09142901748418808
0.06901192665100098
0.06925760209560394
0.09492697566747665
0.06490716338157654
0.06891780346632004
0.0691758394241333
0.06630166620016098
0.06473980844020844
0.06379051506519318
0.06908432394266129
0.0679100751876831
0.06803467869758606
0.06527751684188843
0.06339418143033981
0.06407992541790009
0.0643206238746643
0.07847341895103455
0.06051672250032425
0.06639507412910461
0.060065895318984985
0.06527623534202576
0.06448338180780411
0.06805845350027084
0.07759666442871094
0.06415192037820816
0.06904000043869019
0.06228938698768616
0.08327038586139679
0.06890259683132172
0.06748440861701965
0.0751151293516159
0.06294603645801544
0.07074517756700516
0.06730811297893524
0.061791956424713135
0.06816770881414413
0.06604194641113281
0.08678358793258667
0.07395277172327042
0.06588377803564072
0.06326429545879364
0.07037974148988724
0.06653708219528198
0.06328034400939941
0.09058129042387009
0.06688718497753143
0.07025554776191711
0.0633285641670227
0.06503887474536896
0.05973310396075249
0.060142748057842255
0.06909915804862976
0.06418492645025253
0.06708988547325134
0.05791158601641655
0.07606399804353714
0.06887427717447281
0.06468245387077332
0.06604237109422684
0.06542222201824188
0.058683350682258606
0.07069018483161926
0.06508634984493256
0.06216162070631981
0.06354765594005585
0.09886974096298218
0.06873215734958649
0.06680764257907867
0.06415235996246338
0.0648941919207573
0.061035674065351486
0.06391777098178864
0.07559186220169067
0.06513050198554993
0.06272798776626587
0.060884103178977966
0.060120247304439545
0.07065492868423462
0.06506471335887909
0.06683984398841858
0.05975542217493057
0.06392581760883331
0.06505486369132996
0.06461377441883087
0.062429554760456085
0.055898167192935944
0.06448128819465637
0.06872723996639252
0.06478600203990936
0.06336601823568344
0.06171613931655884
0.06435591727495193
0.05812910199165344
0.08946256339550018
0.06925530731678009
0.06849103420972824
0.05987855792045593
0.06142059713602066
0.0588771253824234
0.06189160794019699
0.08035869896411896
0.06336422264575958
0.058496661484241486
0.057605233043432236
0.05006410926580429
0.07594563066959381
0.06065709516406059
0.07516323775053024
0.07182180136442184
0.06089142709970474
0.06633145362138748
0.06645867973566055
0.06358034163713455
0.06010634824633598
0.09691648185253143
0.073090560734272
0.07563342154026031
0.07122594118118286
0.06579653918743134
0.06939306855201721
0.07168695330619812
0.0964621901512146
0.06808041036128998
0.06658084690570831
0.06514831632375717
0.06177474558353424
0.06904985755681992
0.06370823830366135
0.09898747503757477
0.06214597076177597
0.09435051679611206
0.0662693902850151
0.06785812973976135
0.07152584195137024
0.061198219656944275
0.09162373840808868
0.06172329932451248
0.06458500027656555
0.0654742419719696
0.060367994010448456
0.05910374969244003
0.06313490122556686
0.10569866746664047
0.07881516218185425
0.07190300524234772
0.06215135008096695
0.06524574756622314
0.06480197608470917
0.05777367204427719
0.07576221227645874
0.0671476423740387
0.06489911675453186
0.07308752834796906
0.061908792704343796
0.07308053970336914
0.06016760319471359
0.0782608836889267
0.06395993381738663
0.06325677782297134
0.06018931418657303
0.05567121505737305
0.060123249888420105
0.057660724967718124
0.0927991196513176
0.07759246975183487
0.05820540711283684
0.061417944729328156
0.06152064725756645
0.05954253673553467
0.05804232880473137
0.058721061795949936
0.06397798657417297
0.06968569755554199
0.06565280258655548
0.05638524517416954
0.05475600063800812
0.0557032935321331
0.0864914208650589
0.06040949374437332
0.06174389272928238
0.05621881037950516
0.057246964424848557
0.0686236023902893
0.061078112572431564
0.0950264260172844
0.05559977516531944
0.06353312730789185
0.0567578487098217
0.06316456943750381
0.0593036413192749
0.05412202328443527
0.06380482017993927
0.062047503888607025
0.06188460811972618
0.05932540446519852
0.06266400218009949
0.05568135902285576
0.05805736780166626
0.06709086149930954
0.06005021184682846
0.06035102531313896
0.05805865675210953
0.05992022156715393
0.06156948208808899
0.0603642463684082
0.07794889807701111
0.059660352766513824
0.058644600212574005
0.06270869076251984
0.05687795579433441
0.0683671087026596
0.05395079404115677
0.06637503951787949
0.06545759737491608
0.06106746941804886
0.0565037876367569
0.05553543567657471
0.06104820594191551
0.054967112839221954
0.060001738369464874
0.057515617460012436
0.0698946863412857
0.05718094855546951
0.05378827080130577
0.05397404357790947
0.05479978024959564
0.07171911746263504
0.0579071119427681
0.06580960750579834
0.059992723166942596
0.05618355795741081
0.059126950800418854
0.054385703057050705
0.07255791872739792
0.0586252361536026
0.05943220481276512
0.0602414608001709
0.062311701476573944
0.05123583599925041
0.057640232145786285
0.07552830874919891
0.062061674892902374
0.06506025791168213
0.05757575482130051
0.057231463491916656
0.05664817988872528
0.052487339824438095
0.052354127168655396
0.054197944700717926
0.05257166549563408
0.05544339120388031
0.06043083965778351
0.06179247051477432
0.062118154019117355
0.06051814556121826
0.052972566336393356
0.05628330633044243
0.05614807456731796
0.0538829080760479
0.0661190077662468
0.051481183618307114
0.06749653816223145
0.061221085488796234
0.051670752465724945
0.05567445605993271
0.0582580640912056
0.05585716664791107
0.05519997701048851
0.05755142867565155
0.053245268762111664
0.04964055120944977
0.054368071258068085
0.052987292408943176
0.05958746373653412
0.05292747914791107
0.0724220871925354
0.05115164816379547
0.06338068842887878
0.05886019393801689
0.052895110100507736
0.053392451256513596
0.04911724850535393
0.054982688277959824
0.05523376166820526
0.05284678936004639
0.05760020762681961
0.052647944539785385
0.060809385031461716
0.053897883743047714
0.0627746433019638
0.05664258822798729
0.05217457935214043
0.05609424412250519
0.052508220076560974
0.05334904417395592
0.055061787366867065
0.0764549970626831
0.05180869996547699
0.05433116853237152
0.05519494041800499
0.06121435761451721
0.050583209842443466
0.061565935611724854
0.061911266297101974
0.050987642258405685
0.05105198919773102
0.05843040347099304
0.05129298195242882
0.04905174300074577
0.05686728656291962
0.05935519561171532
0.052969999611377716
0.049995243549346924
0.05932364985346794
0.05222926288843155
0.053683023899793625
0.05224994942545891
0.0621938556432724
0.05266760289669037
0.06643101572990417
0.060683831572532654
0.05200166627764702
0.05119555816054344
0.04990002512931824
0.0644284039735794
0.05926790460944176
0.05317552015185356
0.05548496171832085
0.05060657858848572
0.05234038084745407
0.04813913255929947
0.06732837855815887
0.05457572266459465
0.05876971408724785
0.0606234148144722
0.052405864000320435
0.04996315762400627
0.05256281793117523
0.06733408570289612
0.058755069971084595
0.059286560863256454
0.05038781464099884
0.054236553609371185
0.05425041541457176
0.052047841250896454
0.05241262540221214
0.059442318975925446
0.04745509475469589
0.046963244676589966
0.05256759747862816
0.056956931948661804
0.04865019768476486
0.07610176503658295
0.05789531394839287
0.05901190638542175
0.05789853259921074
0.05603625997900963
0.04767818748950958
0.051312655210494995
0.08225859701633453
0.059931837022304535
0.053074922412633896
0.052945371717214584
0.05019833892583847
0.051760233938694
0.0629231259226799
0.07246324419975281
0.05422794446349144
0.05823894962668419
0.04888036102056503
0.04738135635852814
0.04973864182829857
0.056796845048666
0.07028675079345703
0.05069467052817345
0.055718712508678436
0.050229188054800034
0.054020486772060394
0.056742578744888306
0.05544387549161911
0.06388123333454132
0.05458015203475952
0.058995798230171204
0.05327415466308594
0.05679641291499138
0.054345957934856415
0.05169963091611862
0.05371028184890747
0.055927954614162445
0.04581589624285698
0.05488027259707451
0.05337461084127426
0.04882503300905228
0.048561420291662216
0.05743297562003136
0.05957028269767761
0.05394502729177475
0.051032647490501404
0.04801136255264282
0.05114220082759857
0.05035008490085602
0.06068534404039383
0.06130295246839523
0.05029509216547012
0.05472736805677414
0.04825299233198166
0.0506121926009655
0.0502915196120739
0.06449387967586517
0.04874708503484726
0.04854968935251236
0.05374910682439804
0.04807914048433304
0.05030160769820213
0.04881581664085388
0.07299421727657318
0.047163017094135284
0.053101878613233566
0.05250665172934532
0.049653977155685425
0.049242690205574036
0.04862866550683975
0.0684867650270462
0.0568624846637249
0.05609665811061859
0.052271679043769836
0.04692332074046135
0.052987612783908844
0.046615567058324814
0.05880773812532425
0.04919558763504028
0.045445434749126434
0.055504586547613144
0.05388602614402771
0.04596518725156784
0.05111853405833244
0.06121039018034935
0.052062299102544785
0.04408871382474899
0.05016499012708664
0.04890851303935051
0.05685187876224518
0.053287338465452194
0.050677746534347534
0.052239254117012024
0.05206206440925598
0.05006872117519379
0.05174339935183525
0.04753894731402397
0.042636655271053314
0.09222673624753952
0.05636626109480858
0.057752903550863266
0.05649058520793915
0.05504925549030304
0.049983393400907516
0.04889668524265289
0.06397374719381332
0.05726754665374756
0.04804931581020355
0.04632064700126648
0.04706072807312012
0.05232753977179527
0.048237722367048264
0.06602717936038971
0.046443916857242584
0.05545559525489807
0.0481623038649559
0.04536910355091095
0.049348533153533936
0.0534835122525692
0.059094928205013275
0.046361565589904785
0.05986745283007622
0.050718873739242554
0.04685647040605545
0.04284821078181267
0.04589927941560745
0.06209708750247955
0.050973325967788696
0.0541539303958416
0.052601270377635956
0.047071635723114014
0.04880073666572571
0.05403555557131767
0.0582357794046402
0.061051711440086365
0.0446464829146862
0.051952287554740906
0.04345541447401047
0.0546879768371582
0.050397902727127075
0.054303236305713654
0.05096624791622162
0.0461777001619339
0.04517268389463425
0.044852547347545624
0.047505781054496765
0.05408798158168793
0.05215708166360855
0.05231744050979614
0.04863841459155083
0.04491354152560234
0.056205641478300095
0.046839114278554916
0.04676318168640137
0.07657426595687866
0.059404127299785614
0.04784277826547623
0.049435824155807495
0.04883994162082672
0.05548606812953949
0.04744904860854149
0.06957962363958359
0.05269554257392883
0.0484309196472168
0.051471613347530365
0.05386417731642723
0.05043429136276245
0.0506255179643631
0.06567008048295975
0.05446171760559082
0.049709927290678024
0.04479429870843887
0.05073527619242668
0.05501268804073334
0.04568173736333847
0.06757122278213501
0.053545188158750534
0.05063805729150772
0.04926903545856476
0.054734304547309875
0.049552373588085175
0.04632183909416199
0.05502907559275627
0.04582773894071579
0.047775670886039734
0.05312110483646393
0.04613752290606499
0.048038728535175323
0.0488232746720314
0.0597209595143795
0.04759181663393974
0.047182463109493256
0.04540613293647766
0.04775393009185791
0.04867653176188469
0.053131669759750366
0.06192391365766525
0.044271402060985565
0.04570656642317772
0.04742453619837761
0.04420115053653717
0.0592753067612648
0.051230572164058685
0.055851347744464874
0.04979079216718674
0.04639879986643791
0.04678133875131607
0.05098600685596466
0.04470441862940788
0.0440455786883831
0.06088476628065109
0.04660998284816742
0.04702439531683922
0.04603232070803642
0.05589941889047623
0.05248943716287613
0.05024925619363785
0.05728165805339813
0.041759129613637924
0.04554527997970581
0.04812510311603546
0.04521584138274193
0.04936669394373894
0.05289128050208092
0.046141184866428375
0.04520241916179657
0.0505986288189888
0.04572775214910507
0.058528490364551544
0.04619581624865532
0.05113840103149414
0.05119634419679642
0.04282548651099205
0.04975093528628349
0.04208891838788986
0.043138425797224045
0.04611454904079437
0.05413810536265373
0.10118325799703598
0.05190342292189598
0.05116098374128342
0.04881076514720917
0.05416977405548096
0.04227110743522644
0.053024858236312866
0.08280447125434875
0.05311805009841919
0.0488271489739418
0.049674566835165024
0.05666809529066086
0.05415438860654831
0.052296411246061325
0.07206928730010986
0.05432477220892906
0.04960533231496811
0.051548294723033905
0.0455094650387764
0.05104400962591171
0.049530088901519775
0.055928975343704224
0.04685318470001221
0.049295008182525635
0.047946747392416
0.047530096024274826
0.0432233028113842
0.054509177803993225
0.07222829759120941
0.054695095866918564
0.044184669852256775
0.050669290125370026
0.04774346947669983
0.058269351720809937
0.0486757718026638
0.057062454521656036
0.054206959903240204
0.05168253928422928
0.053975529968738556
0.044217221438884735
0.04357994347810745
0.0414520688354969
0.05179440230131149
0.04870247095823288
0.051273029297590256
0.051167987287044525
0.04660242795944214
0.04626352712512016
0.041687916964292526
0.04975806921720505
0.04527804255485535
0.04555170238018036
0.048270419239997864
0.04799547418951988
0.042877551168203354
0.04511794447898865
0.07502944767475128
0.04663446173071861
0.05184982717037201
0.042887624353170395
0.04428323730826378
0.04602332413196564
0.04703079164028168
0.04867519065737724
0.04974332079291344
0.04978976398706436
0.04771263897418976
0.04472716152667999
0.044700782746076584
0.04917597770690918
0.06079607456922531
0.04671479016542435
0.05198981985449791
0.044701457023620605
0.04280422255396843
0.04193456470966339
0.047508127987384796
0.050591498613357544
0.0473494753241539
0.04755648598074913
0.053600843995809555
0.04430047422647476
0.04029727727174759
0.05637434124946594
0.0577482245862484
0.04354441910982132
0.0545925498008728
0.042423512786626816
0.04378495737910271
0.05074259266257286
0.04238828271627426
0.05333910137414932
0.047093622386455536
0.04605128616094589
0.043675780296325684
0.05546269565820694
0.04181172698736191
0.03951459378004074
0.07318009436130524
0.054772548377513885
0.048529308289289474
0.05207999050617218
0.04421297833323479
0.042502742260694504
0.0436231754720211
0.04700344428420067
0.042380817234516144
0.045786961913108826
0.04441915452480316
0.04496234655380249
0.040115632116794586
0.04752879589796066
0.06278854608535767
0.04744085296988487
0.04684029519557953
0.0492793545126915
0.04384596645832062
0.041729118674993515
0.043997809290885925
0.06214001029729843
0.04540702700614929
0.042704321444034576
0.04897162318229675
0.044025152921676636
0.04439917206764221
0.04695094749331474
0.050937797874212265
0.04379422962665558
0.046661294996738434
0.04029247909784317
0.038662973791360855
0.044143181294202805
0.05185163766145706
0.05739225074648857
0.049133431166410446
0.042486488819122314
0.049456845968961716
0.0450284406542778
0.048066772520542145
0.057079002261161804
0.07576140016317368
0.043569814413785934
0.04809548705816269
0.03913038969039917
0.05185912176966667
0.04371735081076622
0.05086379498243332
0.04845163971185684
0.04436807334423065
0.04050206393003464
0.04391469806432724
0.052065324038267136
0.04595470055937767
0.04111369699239731
0.042011357843875885
0.0491175651550293
0.05230046063661575
0.04229758307337761
0.042870841920375824
0.04238917678594589
0.03890806436538696
0.05695779249072075
0.045392703264951706
0.04454072564840317
0.04759760946035385
0.04332740232348442
0.048483505845069885
0.04942053183913231
0.05930829793214798
0.04681697487831116
0.043808989226818085
0.04428091272711754
0.04074659198522568
0.04485708475112915
0.04233026131987572
0.054176367819309235
0.043491821736097336
0.04189372807741165
0.04438246041536331
0.04378349706530571
0.04081132635474205
0.04496058076620102
0.05051597207784653
0.047986291348934174
0.04441484063863754
0.04331488162279129
0.04280650615692139
0.03951052576303482
0.04925615340471268
0.052503105252981186
0.04224421828985214
0.041981812566518784
0.04473431408405304
0.042676813900470734
0.0471184104681015
0.04256850481033325
0.05191824957728386
0.042762935161590576
0.04421330243349075
0.04415170103311539
0.041262444108724594
0.04437965154647827
0.041886620223522186
0.04856825992465019
0.039877310395240784
0.04391254484653473
0.047793518751859665
0.04326768219470978
0.04229273647069931
0.04756483435630798
0.045241426676511765
0.03751267120242119
0.04362201318144798
0.045177653431892395
0.045046787708997726
0.04124189168214798
0.038721416145563126
0.04712865874171257
0.04504568502306938
0.039819277822971344
0.04280208796262741
0.046448417007923126
0.044501762837171555
0.03796648234128952
0.052801117300987244
0.04121850058436394
0.050763845443725586
0.038516342639923096
0.04123704135417938
0.04626154527068138
0.03747119382023811
0.04769447445869446
0.04032355546951294
0.040673356503248215
0.04912067577242851
0.03729001432657242
0.042118530720472336
0.04504977911710739
0.05187560245394707
0.04615498334169388
0.03978972136974335
0.05012468248605728
0.04029519110918045
0.04349397122859955
0.04476609453558922
0.06399381160736084
0.04486223682761192
0.045723579823970795
0.0453963577747345
0.04047165811061859
0.04886039346456528
0.04611409828066826
0.05848519131541252
0.04176686331629753
0.04737604409456253
0.0373234823346138
0.044791124761104584
0.04257434234023094
0.04042689502239227
0.04308021813631058
0.04003722593188286
0.03917494788765907
0.04079890996217728
0.0449163094162941
0.061318233609199524
0.04980696737766266
0.060048338025808334
0.049248941242694855
0.04589427262544632
0.04488183185458183
0.04053157567977905
0.03920970857143402
0.043135177344083786
0.043476738035678864
0.04678484424948692
0.043151646852493286
0.04600689560174942
0.04295209050178528
0.03870764002203941
0.040865957736968994
0.03665509819984436
0.039623089134693146
0.046292319893836975
0.043006643652915955
0.03944273293018341
0.039918288588523865
0.036907047033309937
0.05113905668258667
0.046582456678152084
0.0443069152534008
0.04232974350452423
0.04050762951374054
0.03705684095621109
0.040858808904886246
0.07208312302827835
0.03975324332714081
0.04683879017829895
0.04122310131788254
0.040288835763931274
0.04666435346007347
0.043900202959775925
0.047059714794158936
0.04844168573617935
0.04347764700651169
0.04592318460345268
0.043058544397354126
0.03734084218740463
0.03839628025889397
0.045568034052848816
0.0447632297873497
0.03905235975980759
0.040130164474248886
0.04181119054555893
0.04004450514912605
0.039199892431497574
0.04821537435054779
0.041939541697502136
0.03831523656845093
0.03879207372665405
0.03904037922620773
0.03834563493728638
0.05577446147799492
0.05040533095598221
0.04079814255237579
0.04223275184631348
0.0416545607149601
0.043743640184402466
0.05066803842782974
0.039706528186798096
0.05602022260427475
0.04658196121454239
0.04639767110347748
0.041513070464134216
0.041780561208724976
0.0446004644036293
0.047182053327560425
0.04522097855806351
0.04123421013355255
0.05046903342008591
0.04321694374084473
0.039245083928108215
0.04039543867111206
0.042492739856243134
0.05861362814903259
0.04234467074275017
0.04213077947497368
0.037287887185811996
0.04608979448676109
0.040278881788253784
0.042455315589904785
0.04778459668159485
0.05378936976194382
0.04698869585990906
0.04137544333934784
0.039108894765377045
0.04601595550775528
0.036655865609645844
0.04653982073068619
0.04051269590854645
0.04138199985027313
0.043484073132276535
0.04052708297967911
0.0383937731385231
0.03938106819987297
0.05513693392276764
0.045916683971881866
0.0426272451877594
0.04062482714653015
0.03929167985916138
0.03950095176696777
0.04380730539560318
0.04371493309736252
0.04376227408647537
0.0404701791703701
0.0394577719271183
0.03426036611199379
0.0416349321603775
0.04502585530281067
0.06942378729581833
0.04168792814016342
0.043866947293281555
0.0452394112944603
0.04535256326198578
0.0441177636384964
0.03968587517738342
0.04855767637491226
0.05132168158888817
0.045501455664634705
0.043431904166936874
0.043393686413764954
0.04441054165363312
0.039778128266334534
0.04837065935134888
0.050109222531318665
0.045263297855854034
0.0413508340716362
0.03729795664548874
0.03845357149839401
0.040660470724105835
0.056857287883758545
0.04450572282075882
0.0403587743639946
0.04241941124200821
0.04246709495782852
0.04267771169543266
0.045684050768613815
0.04452836140990257
0.04415742680430412
0.03602222725749016
0.04816824197769165
0.04163726419210434
0.04400607943534851
0.038146570324897766
0.05403093248605728
0.04134324938058853
0.044355981051921844
0.04194343835115433
0.039276205003261566
0.049744363874197006
0.03492935746908188
0.055927541106939316
0.036223553121089935
0.04020320624113083
0.04122084379196167
0.039607591927051544
0.03932970389723778
0.04149353876709938
0.049498364329338074
0.038290124386548996
0.041291914880275726
0.04345162957906723
0.04398076981306076
0.03566395491361618
0.042284004390239716
0.05779029056429863
0.044712524861097336
0.03982240706682205
0.039921872317790985
0.04825768992304802
0.0420832559466362
0.03773127496242523
0.05498523637652397
0.04513664171099663
0.04495126008987427
0.04074733331799507
0.04386577010154724
0.03946023806929588
0.04133982956409454
0.04528960585594177
0.04050528258085251
0.04009363800287247
0.03931458294391632
0.042753733694553375
0.04207511246204376
0.044712260365486145
0.04879391938447952
0.042885445058345795
0.044559456408023834
0.03630118817090988
0.03808240592479706
0.047853078693151474
0.042918380349874496
0.051264964044094086
0.04004904255270958
0.03659844025969505
0.039413854479789734
0.05542382597923279
0.03794652223587036
0.04195534437894821
0.04044362157583237
0.04239407926797867
0.03876074403524399
0.03300482779741287
0.04152093082666397
0.049277376383543015
0.0448908731341362
0.04627399891614914
0.04298967868089676
0.035668570548295975
0.046585775911808014
0.03669688105583191
0.03938361257314682
0.0360860712826252
0.06609535217285156
0.04362732917070389
0.04200123995542526
0.04424288496375084
0.037203796207904816
0.046087898313999176
0.03933154046535492
0.0529494434595108
0.042120348662137985
0.03708387911319733
0.04693330451846123
0.035911452025175095
0.037182845175266266
0.036646172404289246
0.046793024986982346
0.03946905583143234
0.03614863008260727
0.036865733563899994
0.038663942366838455
0.043619509786367416
0.040323447436094284
0.047453369945287704
0.041469089686870575
0.038929227739572525
0.04858391731977463
0.038286417722702026
0.04074270278215408
0.03688007593154907
0.055846016854047775
0.041085708886384964
0.03809554874897003
0.04028036817908287
0.043217044323682785
0.045029815286397934
0.03833376243710518
0.04003001004457474
0.04465140402317047
0.039827000349760056
0.03519996255636215
0.03605079650878906
0.051878686994314194
0.040351010859012604
0.06485229730606079
0.041081108152866364
0.04257427901029587
0.04222749173641205
0.03813605010509491
0.051047708839178085
0.041573137044906616
0.04255719482898712
0.0386507548391819
0.03826477378606796
0.042356908321380615
0.039304301142692566
0.04117549955844879
0.036843203008174896
0.044863294810056686
0.03600288927555084
0.047481000423431396
0.039216406643390656
0.036267608404159546
0.037667177617549896
0.03732822835445404
0.060828790068626404
0.03619367629289627
0.034822359681129456
0.03949705511331558
0.03732059895992279
0.037166520953178406
0.03799668699502945
0.059690218418836594
0.035892046988010406
0.03996922820806503
0.04021904617547989
0.0379350483417511
0.03856903687119484
0.039393097162246704
0.05237210541963577
0.03884362429380417
0.041555777192115784
0.03859121352434158
0.036103252321481705
0.03909199312329292
0.040914785116910934
0.03732706606388092
0.03797931224107742
0.03688032180070877
0.03531530499458313
0.035750702023506165
0.04133639112114906
0.03779058903455734
0.047035932540893555
0.033752311021089554
0.03613484650850296
0.0347302183508873
0.04183037206530571
0.04019421339035034
0.040567025542259216
0.05541466176509857
0.039090611040592194
0.03859741985797882
0.038080841302871704
0.03236076235771179
0.049086108803749084
0.04172832891345024
0.0386647991836071
0.04239378124475479
0.03566505387425423
0.04118954390287399
0.03772825002670288
0.03956976160407066
0.0322120264172554
0.06532450020313263
0.043708913028240204
0.03933365270495415
0.04820749908685684
0.037725821137428284
0.043409403413534164
0.04853074252605438
0.05162857472896576
0.03520699217915535
0.03616892546415329
0.0422595739364624
0.04152204468846321
0.037475988268852234
0.038472045212984085
0.05061990022659302
0.03708558902144432
0.0360727533698082
0.04237934947013855
0.03573448956012726
0.038383446633815765
0.03455900028347969
0.04626139998435974
0.041790395975112915
0.03665446862578392
0.03858379274606705
0.03692855313420296
0.03422185406088829
0.03994479775428772
0.08315357565879822
0.03665517270565033
0.03891279548406601
0.03744647651910782
0.03775127977132797
0.0362495481967926
0.04367876797914505
0.04926009103655815
0.04179488867521286
0.04065738245844841
0.03907960653305054
0.0372626855969429
0.03401472046971321
0.03492668271064758
0.055274974554777145
0.039254363626241684
0.051235005259513855
0.04100640490651131
0.03581073135137558
0.03553445637226105
0.03858049958944321
0.04151695594191551
0.03887777402997017
0.03623586893081665
0.044807709753513336
0.03893342614173889
0.03707457333803177
0.04160625487565994
0.041583362966775894
0.03451544791460037
0.03934326395392418
0.03478147089481354
0.03841278702020645
0.03899047151207924
0.037290237843990326
0.04755581542849541
0.042636316269636154
0.03522886335849762
0.03563298285007477
0.038751669228076935
0.03948526084423065
0.03442591428756714
0.04942285269498825
0.037558041512966156
0.03625013306736946
0.049487531185150146
0.03943801298737526
0.03506028652191162
0.040547795593738556
0.06481204181909561
0.037329718470573425
0.036301352083683014
0.03958359733223915
0.03741884231567383
0.03519643470644951
0.03759006783366203
0.057230040431022644
0.03919926658272743
0.033883802592754364
0.03809506818652153
0.040160857141017914
0.03436971455812454
0.04102116823196411
0.049703553318977356
0.03974439203739166
0.03637243062257767
0.04163231700658798
0.03920671343803406
0.032189998775720596
0.03824737295508385
0.04301677644252777
0.033406637609004974
0.03206253796815872
0.037155210971832275
0.03798167034983635
0.03896339237689972
0.03917483240365982
0.035710658878088
0.034993432462215424
0.03600239008665085
0.03540623560547829
0.032024770975112915
0.03398159146308899
0.034455571323633194
0.04316623508930206
0.03601660206913948
0.04358729347586632
0.03607833385467529
0.03534863144159317
0.03548899292945862
0.03446707874536514
0.04745974391698837
0.040011316537857056
0.037052128463983536
0.036061983555555344
0.03632736578583717
0.0370224229991436
0.03861673176288605
0.04771895706653595
0.03662489727139473
0.03681345283985138
0.03467979282140732
0.034433647990226746
0.036446087062358856
0.0368725061416626
0.043180301785469055
0.040341757237911224
0.0374227836728096
0.04312951862812042
0.03930779546499252
0.03526858985424042
0.042469143867492676
0.04329359531402588
0.041803449392318726
0.04224029928445816
0.035506777465343475
0.040158551186323166
0.034162864089012146
0.03785053640604019
0.07738535106182098
0.05555635690689087
0.04983144253492355
0.06507708877325058
0.042765624821186066
0.04701535031199455
0.041130807250738144
0.04317624494433403
0.04009053111076355
0.044778138399124146
0.03748277947306633
0.03837987408041954
0.0351753793656826
0.03874177858233452
0.05330682918429375
0.03952639922499657
0.03660951554775238
0.03700493276119232
0.03844617307186127
0.0345672182738781
0.03383472561836243
0.058513641357421875
0.03398629277944565
0.033098384737968445
0.04243044555187225
0.03577011078596115
0.036802537739276886
0.03726206347346306
0.0541553795337677
0.03885282576084137
0.03558436036109924
0.05562051758170128
0.03815246373414993
0.03461392968893051
0.0434720516204834
0.052456554025411606
0.03437197953462601
0.036554984748363495
0.03698877990245819
0.03746983781456947
0.036450110375881195
0.03573700785636902
0.04864698275923729
0.03927431255578995
0.03708534687757492
0.038742877542972565
0.03579385578632355
0.038502179086208344
0.03127916529774666
0.0481891892850399
0.03972607105970383
0.034981999546289444
0.03253869339823723
0.03341139480471611
0.03652601316571236
0.036082565784454346
0.05433308333158493
0.039650220423936844
0.041212815791368484
0.036255303770303726
0.0373733714222908
0.03586935997009277
0.0362701453268528
0.054312653839588165
0.03968946635723114
0.04012215510010719
0.0372735857963562
0.0369844064116478
0.03749588876962662
0.03310998156666756
0.046329326927661896
0.03580864146351814
0.034971997141838074
0.03704746812582016
0.03715188801288605
0.03967125341296196
0.04540853202342987
0.03745083138346672
0.03585739806294441
0.03448589891195297
0.03388785198330879
0.03589170426130295
0.03654908388853073
0.034338533878326416
0.04266175627708435
0.03337825834751129
0.0434751883149147
0.042969778180122375
0.03314725309610367
0.03829782456159592
0.03387477248907089
0.037718772888183594
0.03285850211977959
0.03416772931814194
0.03225359693169594
0.03811710700392723
0.0348808653652668
0.033497024327516556
0.04852014780044556
0.039777256548404694
0.03575252741575241
0.03314945846796036
0.03445125371217728
0.04538973793387413
0.03493718057870865
0.04175751656293869
0.0397358201444149
0.03419938683509827
0.03212384879589081
0.03974439203739166
0.03660253435373306
0.033810991793870926
0.05467015504837036
0.03780481964349747
0.034684449434280396
0.03505685180425644
0.03448611497879028
0.033088915050029755
0.03659587725996971
0.04263725504279137
0.03955724090337753
0.03629110008478165
0.03786493092775345
0.034804824739694595
0.038101114332675934
0.03441529721021652
0.0429689884185791
0.035272713750600815
0.0434093251824379
0.03600958734750748
0.0396641306579113
0.03707797825336456
0.031207863241434097
0.039812393486499786
0.03778224438428879
0.035249460488557816
0.03652125597000122
0.03841660916805267
0.03105761669576168
0.0337657555937767
0.04095550626516342
0.0349692702293396
0.03385516628623009
0.03480217605829239
0.038307495415210724
0.03513526916503906
0.031668707728385925
0.03538376837968826
0.0316929966211319
0.0321551114320755
0.03699980676174164
0.027734294533729553
0.03626180440187454
0.03470797464251518
0.05364695191383362
0.03603961318731308
0.03651260957121849
0.03521248698234558
0.038483597338199615
0.033071696758270264
0.029522595927119255
0.04482058808207512
0.03349154442548752
0.03493022173643112
0.03516412153840065
0.03177264705300331
0.03811695799231529
0.030907705426216125
0.05375707149505615
0.036077290773391724
0.035632893443107605
0.03765791654586792
0.03307521715760231
0.03506525978446007
0.035317033529281616
0.03667110949754715
0.03574245050549507
0.033921897411346436
0.03501243144273758
0.03168322518467903
0.0339229479432106
0.03231204301118851
0.05281971022486687
0.04003015160560608
0.03453295677900314
0.03696414828300476
0.03509398549795151
0.03291265666484833
0.03920084983110428
0.04685978591442108
0.03722967952489853
0.03585439547896385
0.03471515327692032
0.039138663560152054
0.03223804756999016
0.03421035408973694
0.03985494375228882
0.03603745624423027
0.03190699964761734
0.0360746756196022
0.03620551526546478
0.033311691135168076
0.03672344237565994
0.04109684377908707
0.03581051528453827
0.036669593304395676
0.032221995294094086
0.03414419665932655
0.033292729407548904
0.03636965900659561
0.038949064910411835
0.03376837074756622
0.04401194676756859
0.03528433293104172
0.03523355722427368
0.03206074237823486
0.03127081319689751
0.04423001408576965
0.039695240557193756
0.03904247283935547
0.0341217964887619
0.03703372925519943
0.03281073272228241
0.03561035543680191
0.0362452007830143
0.034129779785871506
0.03416236490011215
0.0378301739692688
0.03803511708974838
0.03370148688554764
0.028022415935993195
0.04416365548968315
0.03348927944898605
0.035807788372039795
0.0404018796980381
0.029474806040525436
0.0338355228304863
0.03165069594979286
0.03558636084198952
0.037473879754543304
0.030210381373763084
0.032871101051568985
0.030850566923618317
0.03371541574597359
0.03348616883158684
0.0413406565785408
0.03531787917017937
0.03590357303619385
0.03286514803767204
0.03189808130264282
0.0332937091588974
0.03310685604810715
0.038127653300762177
0.036334872245788574
0.03409995511174202
0.036481618881225586
0.03866221755743027
0.03406655043363571
0.0352892205119133
0.032833874225616455
0.03811510652303696
0.03395025432109833
0.035414814949035645
0.038783762603998184
0.0343317985534668
0.03488869220018387
0.05018836259841919
0.036999620497226715
0.038038115948438644
0.03775649890303612
0.03474016860127449
0.03503559157252312
0.02956537716090679
0.08024968206882477
0.03901218622922897
0.03788095712661743
0.029798932373523712
0.03562565892934799
0.04104690998792648
0.037037935107946396
0.03943246603012085
0.033662453293800354
0.03181459754705429
0.031541548669338226
0.03500109165906906
0.030726205557584763
0.03580764681100845
0.04969486594200134
0.035768117755651474
0.03755001723766327
0.03436656296253204
0.03471953421831131
0.03499621897935867
0.03647571802139282
0.039658576250076294
0.03549554944038391
0.030820660293102264
0.034156620502471924
0.03213944658637047
0.03274163231253624
0.034638579934835434
0.05333887040615082
0.03335529565811157
0.03551977500319481
0.031838178634643555
0.03467320650815964
0.03706866502761841
0.034438181668519974
0.03828131780028343
0.03348007798194885
0.03466891869902611
0.03432761877775192
0.03575308620929718
0.033636484295129776
0.04104002192616463
0.049041636288166046
0.035872090607881546
0.04082093760371208
0.037241168320178986
0.033686116337776184
0.035652272403240204
0.03889227658510208
0.04056383669376373
0.03701502084732056
0.032337486743927
0.036812908947467804
0.03875447437167168
0.03910398855805397
0.03507891297340393
0.04042155295610428
0.036670930683612823
0.03326255828142166
0.03324150666594505
0.03379645198583603
0.0332380086183548
0.03338484466075897
0.04192008823156357
0.03312614560127258
0.034267254173755646
0.038798876106739044
0.03383803367614746
0.03289159759879112
0.03260178864002228
0.07988333702087402
0.057940587401390076
0.10591048002243042
0.06326190382242203
0.05666842311620712
0.05338772386312485
0.04825706034898758
0.06957542896270752
0.05916566774249077
0.044571541249752045
0.04602643474936485
0.054107438772916794
0.04414099454879761
0.045312829315662384
0.05586908757686615
0.04387355595827103
0.03877394646406174
0.03774440661072731
0.04023924469947815
0.04080640897154808
0.033699773252010345
0.0444764606654644
0.04117593169212341
0.038765743374824524
0.03622712194919586
0.03476405143737793
0.03710080683231354
0.038955673575401306
0.05361124128103256
0.03489122912287712
0.03775990009307861
0.03898383304476738
0.04647133871912956
0.03949480503797531
0.0377827063202858
0.03696844354271889
0.036823809146881104
0.0385940745472908
0.039255157113075256
0.03414103388786316
0.039550647139549255
0.03756639361381531
0.09945032000541687
0.051232628524303436
0.04523215815424919
0.04442428797483444
0.03821037709712982
0.0387735553085804
0.037791021168231964
0.0403706431388855
0.04004022479057312
0.03890709951519966
0.03509678691625595
0.03276844322681427
0.03974181041121483
0.031153906136751175
0.04737278074026108
0.03555043414235115
0.04481145739555359
0.03643091022968292
0.03238977491855621
0.035304777324199677
0.03614430874586105
0.05259719118475914
0.04091421514749527
0.044922810047864914
0.03895274177193642
0.041597120463848114
0.034132808446884155
0.034608643501996994
0.04599783569574356
0.04047953337430954
0.04040587693452835
0.033306725323200226
0.04012121632695198
0.04028281569480896
0.03798816725611687
0.04303307086229324
0.034643761813640594
0.03502099588513374
0.032907165586948395
0.030962487682700157
0.03470219671726227
0.037765759974718094
0.06689367443323135
0.03623427823185921
0.03467204049229622
0.03767163306474686
0.03603580221533775
0.03806508332490921
0.03553759306669235
0.044173713773489
0.034585583955049515
0.03970043361186981
0.03572191298007965
0.03515567258000374
0.03795534372329712
0.03494573011994362
0.042772289365530014
0.03482668474316597
0.03406357765197754
0.03881269693374634
0.03269701078534126
0.041078679263591766
0.03604979068040848
0.040029820054769516
0.044751446694135666
0.033825285732746124
0.03181592375040054
0.03468223661184311
0.03521052002906799
0.035669490694999695
0.040031351149082184
0.03027579002082348
0.03685133904218674
0.03576795011758804
0.03187914192676544
0.03512091189622879
0.03244085982441902
0.05155852437019348
0.03813370317220688
0.03658805787563324
0.03666722774505615
0.02784007415175438
0.03414586931467056
0.031053362414240837
0.04526291787624359
0.03698841482400894
0.037829816341400146
0.03689765930175781
0.03402227163314819
0.03338306024670601
0.03786201402544975
0.0382683090865612
0.03456854075193405
0.033903174102306366
0.031947433948516846
0.03632274270057678
0.034520458430051804
0.030679285526275635
0.05238666757941246
0.03461631387472153
0.03337270766496658
0.03909620642662048
0.030570723116397858
0.028843944892287254
0.0349017009139061
0.09455718845129013
0.051449231803417206
0.03786278888583183
0.03889477998018265
0.03732452541589737
0.03538873419165611
0.04221078380942345
0.04257495328783989
0.037634044885635376
0.03418763726949692
0.03423396497964859
0.03292465955018997
0.03397756814956665
0.03938383236527443
0.039781391620635986
0.03756122291088104
0.03752106428146362
0.035263098776340485
0.03896992653608322
0.030252691358327866
0.03240855783224106
0.03414840251207352
0.03260739892721176
0.032282255589962006
0.03214951232075691
0.03174981474876404
0.03383903205394745
0.03432599827647209
0.050634339451789856
0.032105110585689545
0.039472661912441254
0.03331739082932472
0.033940039575099945
0.032429393380880356
0.03161899372935295
0.05130621790885925
0.04339427500963211
0.02910679206252098
0.033783070743083954
0.034389469772577286
0.035497039556503296
0.03037979081273079
0.03884098306298256
0.033060476183891296
0.03547681123018265
0.030753985047340393
0.03465351462364197
0.032708365470170975
0.03292812779545784
0.0391659289598465
0.03554332256317139
0.030109791085124016
0.03419762849807739
0.029330596327781677
0.03288703039288521
0.03523170202970505
0.04076015204191208
0.035565998405218124
0.03228605166077614
0.034476228058338165
0.036999404430389404
0.031088601797819138
0.03588567674160004
0.07922796905040741
0.03517676517367363
0.042522117495536804
0.03486546128988266
0.033978819847106934
0.04138529300689697
0.027351025491952896
0.034613125026226044
0.033631615340709686
0.042905643582344055
0.03895428031682968
0.03858330473303795
0.03304139897227287
0.035294752568006516
0.046738602221012115
0.03892961144447327
0.03031817637383938
0.03238943964242935
0.03372647240757942
0.03866767883300781
0.03997327387332916
0.038030195981264114
0.03668541461229324
0.03147413581609726
0.03019152209162712
0.03822501003742218
0.034732021391391754
0.0349075049161911
0.03943360224366188
0.04201642423868179
0.0352790541946888
0.030944986268877983
0.038683995604515076
0.03543015569448471
0.030641701072454453
0.057073332369327545
0.038215868175029755
0.03478064388036728
0.036414191126823425
0.03215080127120018
0.035776130855083466
0.034030623733997345
0.045147061347961426
0.03410116583108902
0.03150133043527603
0.038041725754737854
0.03142306208610535
0.03276247903704643
0.03262941539287567
0.03391023725271225
0.033622898161411285
0.030881356447935104
0.03586592525243759
0.03425943851470947
0.030178457498550415
0.030707627534866333
0.03623482584953308
0.029973577708005905
0.030352309346199036
0.03364592418074608
0.030219770967960358
0.030005119740962982
0.03638007864356041
0.03668022155761719
0.04470011219382286
0.03592688590288162
0.03135301172733307
0.032861411571502686
0.03192097693681717
0.028455320745706558
0.05075995624065399
0.03324665129184723
0.035751473158597946
0.034743599593639374
0.031813133507966995
0.028136707842350006
0.035071440041065216
0.043340906500816345
0.03435017913579941
0.03311990946531296
0.03163258358836174
0.03268439322710037
0.030686654150485992
0.03369388356804848
0.037194766104221344
0.03237573802471161
0.0314994752407074
0.030473291873931885
0.035294439643621445
0.03199275955557823
0.02935858815908432
0.03555066138505936
0.03251335769891739
0.031067505478858948
0.037110745906829834
0.03512775897979736
0.030469674617052078
0.03145160898566246
0.051917120814323425
0.03459158539772034
0.03151737153530121
0.03354740887880325
0.03663700073957443
0.029409591108560562
0.030244579538702965
0.040625642985105515
0.03467528522014618
0.029950223863124847
0.03355160355567932
0.02877156063914299
0.03103211522102356
0.03197001293301582
0.03676602616906166
0.0320519283413887
0.03701097145676613
0.03700467199087143
0.03160637244582176
0.03238803148269653
0.031829606741666794
0.03735262528061867
0.02934560552239418
0.03190169483423233
0.030974537134170532
0.03414907306432724
0.03198259696364403
0.028356388211250305
0.044086307287216187
0.0347236767411232
0.03268442302942276
0.03310203552246094
0.03219178318977356
0.033936239778995514
0.031054824590682983
0.029179014265537262
0.03186551854014397
0.029228901490569115
0.0321040041744709
0.02874077670276165
0.03292160853743553
0.03310225531458855
0.03362664952874184
0.02974764257669449
0.030291873961687088
0.03150080516934395
0.030330998823046684
0.03222105652093887
0.030860012397170067
0.03673849254846573
0.031986039131879807
0.03823952376842499
0.030875010415911674
0.03193748742341995
0.03317904472351074
0.03082866780459881
0.04449384659528732
0.03880488872528076
0.03440506011247635
0.03637076914310455
0.03331174701452255
0.03329666703939438
0.029830623418092728
0.03629951924085617
0.03559373319149017
0.0321887768805027
0.032928094267845154
0.03309313952922821
0.031846530735492706
0.03017406538128853
0.051565609872341156
0.0317685566842556
0.04118238762021065
0.033728282898664474
0.031628530472517014
0.031317055225372314
0.035848625004291534
0.042206376791000366
0.03358865901827812
0.035594046115875244
0.03151461109519005
0.02988111786544323
0.028993751853704453
0.0353887677192688
0.042397379875183105
0.03489115089178085
0.029669854789972305
0.03466735780239105
0.0340069942176342
0.033883921802043915
0.034165434539318085
0.036166250705718994
0.03361855447292328
0.03258589655160904
0.033480770885944366
0.029038479551672935
0.032230839133262634
0.028742536902427673
0.045300379395484924
0.035329364240169525
0.03141503781080246
0.03139568492770195
0.029208865016698837
0.028881272301077843
0.033094026148319244
0.03937676548957825
0.033614642918109894
0.029482096433639526
0.03578663989901543
0.026551835238933563
0.02700715884566307
0.029535969719290733
0.040998220443725586
0.037388309836387634
0.02929435297846794
0.03135906159877777
0.029468221589922905
0.026850037276744843
0.03662968426942825
0.045963432639837265
0.03121521696448326
0.02939370647072792
0.02764764241874218
0.0354827344417572
0.03156410902738571
0.031436409801244736
0.031554512679576874
0.03056154027581215
0.03144688904285431
0.027940822765231133
0.03471294790506363
0.032050423324108124
0.02830742672085762
0.033958785235881805
0.027881797403097153
0.03347723186016083
0.0275094173848629
0.028638452291488647
0.03203893452882767
0.03220408037304878
0.03427779674530029
0.031110543757677078
0.03164321184158325
0.030520938336849213
0.031017791479825974
0.0311188455671072
0.027161013334989548
0.038649335503578186
0.031740281730890274
0.03154456242918968
0.029375826939940453
0.029376519843935966
0.027990959584712982
0.03008977137506008
0.035234853625297546
0.029902860522270203
0.028407521545886993
0.03181187063455582
0.03135662525892258
0.030356552451848984
0.03359995409846306
0.03803986310958862
0.0322500616312027
0.033648137003183365
0.03346237912774086
0.028614763170480728
0.03315596282482147
0.030652819201350212
0.03608457371592522
0.029135655611753464
0.030594561249017715
0.03051568567752838
0.03191615641117096
0.033024974167346954
0.03736066073179245
0.0416656956076622
0.027189049869775772
0.03202664852142334
0.03381670266389847
0.03410462290048599
0.029125621542334557
0.02682911977171898
0.04438847303390503
0.03334936127066612
0.03647274151444435
0.029950812458992004
0.03206849843263626
0.029689133167266846
0.032538048923015594
0.030483638867735863
0.029054347425699234
0.029151946306228638
0.03451623022556305
0.0317307785153389
0.033832889050245285
0.02911783754825592
0.03883989155292511
0.02960796467959881
0.030529964715242386
0.03541145101189613
0.03288485109806061
0.028520492836833
0.029550917446613312
0.037246886640787125
0.03006277047097683
0.03057469055056572
0.031314916908741
0.029807616025209427
0.03132801875472069
0.02680186554789543
0.03809075802564621
0.03050544671714306
0.027563540264964104
0.0288863442838192
0.030687129124999046
0.03301776573061943
0.031344324350357056
0.052703820168972015
0.03379015624523163
0.03200796991586685
0.031634487211704254
0.03451688215136528
0.028911244124174118
0.02996959164738655
0.04920969903469086
0.0306138526648283
0.03818158432841301
0.031635962426662445
0.03122265264391899
0.03297530487179756
0.03164014220237732
0.03701164573431015
0.038406725972890854
0.029766466468572617
0.029675034806132317
0.03450419008731842
0.03168804571032524
0.028950689360499382
0.03827684372663498
0.03378757834434509
0.030725857242941856
0.031441085040569305
0.02983633242547512
0.033745087683200836
0.0282595194876194
0.032663337886333466
0.0295499786734581
0.0285932794213295
0.03002823144197464
0.030294712632894516
0.030657004565000534
0.03480318933725357
0.03620314598083496
0.03010759875178337
0.02980850450694561
0.02634127251803875
0.029229408130049706
0.030001990497112274
0.03060063347220421
0.03705492615699768
0.03334648162126541
0.026115087792277336
0.026365812867879868
0.029863102361559868
0.03062823973596096
0.03714470565319061
0.03129401057958603
0.030360646545886993
0.035815611481666565
0.028247304260730743
0.029142454266548157
0.030778145417571068
0.02850336953997612
0.03031007945537567
0.030550388619303703
0.028342945501208305
0.02832908183336258
0.028165966272354126
0.029206711798906326
0.03758075088262558
0.03640202805399895
0.02862752228975296
0.031390655785799026
0.030287189409136772
0.026976995170116425
0.03407937288284302
0.03430504724383354
0.03608046844601631
0.03065914660692215
0.026051102206110954
0.02976900152862072
0.03036348521709442
0.0304348673671484
0.03094414249062538
0.032615333795547485
0.03223094344139099
0.02788633108139038
0.027569305151700974
0.033390890806913376
0.030153123661875725
0.02799617312848568
0.029100384563207626
0.03339920938014984
0.034003883600234985
0.03349026292562485
0.03157971054315567
0.0315195694565773
0.029109254479408264
0.040987852960824966
0.029838792979717255
0.03178519010543823
0.02993938885629177
0.02821565419435501
0.03309974446892738
0.0305941142141819
0.028236933052539825
0.03255143016576767
0.028131097555160522
0.029058776795864105
0.029724260792136192
0.030471231788396835
0.026152651757001877
0.03321264684200287
0.03161103278398514
0.02750696800649166
0.03010958805680275
0.031566914170980453
0.028901278972625732
0.026908008381724358
0.03021460585296154
0.03275763988494873
0.029020918533205986
0.030177544802427292
0.025496210902929306
0.031105119735002518
0.027872351929545403
0.035667598247528076
0.03051241859793663
0.02925642393529415
0.027600295841693878
0.02880241721868515
0.030261626467108727
0.034300412982702255
0.02863357774913311
0.029517054557800293
0.0281272791326046
0.029950764030218124
0.028370611369609833
0.03132073953747749
0.02793198451399803
0.0335090234875679
0.038311973214149475
0.02646789327263832
0.02785467728972435
0.026385031640529633
0.029392104595899582
0.033913735300302505
0.04788154363632202
0.034362610429525375
0.02979300171136856
0.026515796780586243
0.030393538996577263
0.028735432773828506
0.031501732766628265
0.02772950753569603
0.02977679669857025
0.03272217512130737
0.029623311012983322
0.027965981513261795
0.028578346595168114
0.029337532818317413
0.03379146754741669
0.030678225681185722
0.028096303343772888
0.028140485286712646
0.02724022977054119
0.027115492150187492
0.02964891865849495
0.038601845502853394
0.029860511422157288
0.033685535192489624
0.028314001858234406
0.028447479009628296
0.031146107241511345
0.03177326172590256
0.03555579483509064
0.03609100356698036
0.029564112424850464
0.03366946429014206
0.030063409358263016
0.027676407247781754
0.025532659143209457
0.03355620801448822
0.03037196770310402
0.027779623866081238
0.031056459993124008
0.029169632121920586
0.025500325486063957
0.02894905023276806
0.03050079569220543
0.0270643662661314
0.031335216015577316
0.027960363775491714
0.025871504098176956
0.026781585067510605
0.03697630390524864
0.0360841304063797
0.02617586776614189
0.029621778056025505
0.02976948767900467
0.024065226316452026
0.028612887486815453
0.031280651688575745
0.03961328789591789
0.030638650059700012
0.030434276908636093
0.030874039977788925
0.027210820466279984
0.029339706525206566
0.028979696333408356
0.03632482513785362
0.030074208974838257
0.028985202312469482
0.028899867087602615
0.029395245015621185
0.02520282194018364
0.02902834676206112
0.03278574347496033
0.03149106726050377
0.02766207605600357
0.0290517657995224
0.02789878472685814
0.026653815060853958
0.02710282802581787
0.03325004130601883
0.02738034725189209
0.0317000150680542
0.029074441641569138
0.02697983756661415
0.028307240456342697
0.0267033688724041
0.040550921112298965
0.033185925334692
0.030209919437766075
0.032297298312187195
0.02791413478553295
0.026533544063568115
0.02500518038868904
0.03799141198396683
0.03261486813426018
0.029168013483285904
0.027768123894929886
0.030396003276109695
0.03176318109035492
0.02771204337477684
0.03040972724556923
0.026124782860279083
0.02846427634358406
0.02795242890715599
0.02588006667792797
0.03089660033583641
0.02762739174067974
0.04037639498710632
0.03310829773545265
0.03681173920631409
0.029966024681925774
0.034818075597286224
0.03006044775247574
0.029858723282814026
0.04360022395849228
0.034545011818408966
0.03599943593144417
0.0362342894077301
0.027898957952857018
0.03161619231104851
0.03251388669013977
0.03531958907842636
0.03058568947017193
0.03395836800336838
0.03326618671417236
0.02774648927152157
0.02750941924750805
0.024727165699005127
0.049513079226017
0.03403783589601517
0.02871495857834816
0.03735712543129921
0.03064371645450592
0.026449134573340416
0.02729618549346924
0.0259562935680151
0.026342948898673058
0.029520567506551743
0.027745302766561508
0.02840193174779415
0.02905842289328575
0.029262591153383255
0.038594961166381836
