0.8707152605056763
0.8192448616027832
0.8317952156066895
0.8073832988739014
0.7675699591636658
0.813913106918335
0.758732795715332
0.7723935842514038
0.7558233737945557
0.7233091592788696
0.7148169875144958
0.7359670996665955
0.690987229347229
0.7276059985160828
0.6897508502006531
0.6718695163726807
0.6657088994979858
0.6462637186050415
0.6348243951797485
0.6377624273300171
0.645972490310669
0.6269106864929199
0.5857285857200623
0.5993247628211975
0.5783226490020752
0.5710285305976868
0.5514308214187622
0.5647424459457397
0.5667569637298584
0.5496909618377686
0.5282725095748901
0.5114690661430359
0.5110859870910645
0.513594925403595
0.4934050440788269
0.4821358919143677
0.48263782262802124
0.48429930210113525
0.4751424789428711
0.4481966197490692
0.4588787257671356
0.4739214777946472
0.43780654668807983
0.4355509877204895
0.41241854429244995
0.4167834222316742
0.41964906454086304
0.4125685393810272
0.4094054102897644
0.40676623582839966
0.38557958602905273
0.3850017786026001
0.38308262825012207
0.3742601275444031
0.363409161567688
0.3749421536922455
0.35685765743255615
0.34993046522140503
0.3505743741989136
0.35232484340667725
0.34500330686569214
0.3292098641395569
0.33664506673812866
0.330983966588974
0.32290375232696533
0.31758683919906616
0.3126978874206543
0.302129328250885
0.3058727979660034
0.3062826991081238
0.32215866446495056
0.3030606508255005
0.30708014965057373
0.30666717886924744
0.28811609745025635
0.29652154445648193
0.28252026438713074
0.2869412899017334
0.28159889578819275
0.28680044412612915
0.2762112319469452
0.2582927346229553
0.2672017216682434
0.2859959006309509
0.2583629786968231
0.255290150642395
0.255709707736969
0.25121647119522095
0.2567346692085266
0.24850958585739136
0.2704731523990631
0.24215547740459442
0.2537855803966522
0.23392686247825623
0.24264954030513763
0.23152709007263184
0.23509693145751953
0.2497895210981369
0.22763673961162567
0.2270965427160263
0.22377216815948486
0.22632651031017303
0.20734648406505585
0.2292746752500534
0.23297631740570068
0.2237788885831833
0.21728476881980896
0.21063755452632904
0.20761637389659882
0.21841448545455933
0.2107136845588684
0.22808615863323212
0.2026917040348053
0.20497235655784607
0.20209799706935883
0.20336543023586273
0.20784972608089447
0.20505860447883606
0.2222701907157898
0.19912832975387573
0.21206121146678925
0.19896724820137024
0.198830708861351
0.19972026348114014
0.20134097337722778
0.22104039788246155
0.2005542367696762
0.19584473967552185
0.18730521202087402
0.20133839547634125
0.19207869470119476
0.1961665153503418
0.18521013855934143
0.19575050473213196
0.2002146691083908
0.19429349899291992
0.1838391274213791
0.18066665530204773
0.17407643795013428
0.21345418691635132
0.16449639201164246
0.18635815382003784
0.1863728016614914
0.17925027012825012
0.17977409064769745
0.1838034987449646
0.19019238650798798
0.16745731234550476
0.17810478806495667
0.1678343415260315
0.17390704154968262
0.17454785108566284
0.1706993579864502
0.19424264132976532
0.17183619737625122
0.1702403873205185
0.1621738076210022
0.17245927453041077
0.15734703838825226
0.16730087995529175
0.17268238961696625
0.1644405573606491
0.1649942845106125
0.16654850542545319
0.16304445266723633
0.1579565852880478
0.1614903211593628
0.20071181654930115
0.16744017601013184
0.16081474721431732
0.17064128816127777
0.15466591715812683
0.16522136330604553
0.1570485681295395
0.1568850725889206
0.1510019302368164
0.16745243966579437
0.15579679608345032
0.15045133233070374
0.15998196601867676
0.15685568749904633
0.18168681859970093
0.14610765874385834
0.15232229232788086
0.16887575387954712
0.14377397298812866
0.15498730540275574
0.15361349284648895
0.15877005457878113
0.1627935767173767
0.16087627410888672
0.15248863399028778
0.13929976522922516
0.14809781312942505
0.13519896566867828
0.16027726233005524
0.14161726832389832
0.1464749425649643
0.1564352959394455
0.14338801801204681
0.1453178972005844
0.14767619967460632
0.1625446379184723
0.14459119737148285
0.1474258452653885
0.15621697902679443
0.14400750398635864
0.14563016593456268
0.14039932191371918
0.14841295778751373
0.15342794358730316
0.15096235275268555
0.15511566400527954
0.14462779462337494
0.13249807059764862
0.14527001976966858
0.14472678303718567
0.14740043878555298
0.1317773014307022
0.14716222882270813
0.14211806654930115
0.14051443338394165
0.1400492936372757
0.15642736852169037
0.13827700912952423
0.14370790123939514
0.13393984735012054
0.14252959191799164
0.12534797191619873
0.13343560695648193
0.16074830293655396
0.13354246318340302
0.14376728236675262
0.1359192132949829
0.14375317096710205
0.13235828280448914
0.13020408153533936
0.12725940346717834
0.13288374245166779
0.1249161958694458
0.14556041359901428
0.15110747516155243
0.1366117298603058
0.12464925646781921
0.14023612439632416
0.13032224774360657
0.14184686541557312
0.13875427842140198
0.11961313337087631
0.1311941146850586
0.13132160902023315
0.1325041949748993
0.13397087156772614
0.13423849642276764
0.11499892920255661
0.14044857025146484
0.1290951669216156
0.12746253609657288
0.13886858522891998
0.11866424977779388
0.11940117925405502
0.1277371048927307
0.15318703651428223
0.1441611498594284
0.12891900539398193
0.15782862901687622
0.13485950231552124
0.1330970674753189
0.14097346365451813
0.13296392560005188
0.12409308552742004
0.1211601048707962
0.150870680809021
0.1258956491947174
0.13069209456443787
0.12649527192115784
0.12521809339523315
0.11776715517044067
0.12298183143138885
0.1399761140346527
0.12640395760536194
0.13154321908950806
0.12414401769638062
0.11810372769832611
0.11679788678884506
0.13059507310390472
0.1542149782180786
0.13593268394470215
0.12167509645223618
0.11209776252508163
0.1228039562702179
0.13476772606372833
0.11990328878164291
0.15121974050998688
0.11556752026081085
0.1364707350730896
0.13120007514953613
0.12007787078619003
0.12425170838832855
0.10868935286998749
0.12295322865247726
0.12414741516113281
0.1197180300951004
0.12029363960027695
0.11735028028488159
0.11456210911273956
0.11018052697181702
0.11963966488838196
0.12469236552715302
0.11637329310178757
0.12633448839187622
0.10770666599273682
0.11413159966468811
0.11889483779668808
0.11751556396484375
0.11585864424705505
0.11952170729637146
0.10521989315748215
0.11212144792079926
0.12175735831260681
0.11398135125637054
0.12074698507785797
0.11220084875822067
0.11818253993988037
0.11696936935186386
0.10972847044467926
0.10899695754051208
0.11515550315380096
0.11262483894824982
0.10075847804546356
0.13625158369541168
0.11774061620235443
0.11106785386800766
0.11949826776981354
0.10844167321920395
0.13071611523628235
0.13008758425712585
0.1183612048625946
0.12538962066173553
0.10791070759296417
0.1136200949549675
0.1062774807214737
0.1626393347978592
0.11918099969625473
0.12291444838047028
0.12334629893302917
0.11032862961292267
0.112386554479599
0.1132102832198143
0.10413359850645065
0.11910602450370789
0.11227269470691681
0.12264673411846161
0.12342557311058044
0.11066898703575134
0.11164633929729462
0.12022634595632553
0.09913759678602219
0.11104021966457367
0.12598422169685364
0.11301001161336899
0.10499994456768036
0.11533647030591965
0.11767484992742538
0.10683097690343857
0.10390476882457733
0.11593987792730331
0.09886416047811508
0.12758734822273254
0.11204105615615845
0.12201397120952606
0.10581877082586288
0.1229073628783226
0.10663076490163803
0.11060737073421478
0.11653118580579758
0.10630716383457184
0.12200837582349777
0.10737811028957367
0.11430229246616364
0.10267599672079086
0.1309794783592224
0.1092219278216362
0.10920242965221405
0.16592711210250854
0.11056867241859436
0.11056842654943466
0.11230304837226868
0.10694416612386703
0.09879403561353683
0.10896702855825424
0.14745716750621796
0.10598968714475632
0.10555054247379303
0.11293259263038635
0.09661293029785156
0.11536134779453278
0.10790717601776123
0.11504443734884262
0.1083642765879631
0.10395567119121552
0.09977108240127563
0.10900953412055969
0.12320121377706528
0.10333966463804245
0.10314835608005524
0.10184456408023834
0.10620242357254028
0.110654316842556
0.09824874252080917
0.11089186370372772
0.10514335334300995
0.12773065268993378
0.09720717370510101
0.10040892660617828
0.0994032621383667
0.11167383193969727
0.10263174027204514
0.10451087355613708
0.13060277700424194
0.10019204020500183
0.12375897169113159
0.10312114655971527
0.10112275183200836
0.09880121797323227
0.09555226564407349
0.10940968990325928
0.10752701759338379
0.10173388570547104
0.1074739322066307
0.10235114395618439
0.10873033106327057
0.09542620182037354
0.1145102009177208
0.12217850983142853
0.11394726485013962
0.10116147249937057
0.09522423148155212
0.1094902753829956
0.10047455132007599
0.12327342480421066
0.10526756942272186
0.09194697439670563
0.10539170354604721
0.11157923191785812
0.09319868683815002
0.09722213447093964
0.11029323935508728
0.1066880077123642
0.10713275521993637
0.10078150033950806
0.09729799628257751
0.08904960006475449
0.09744860976934433
0.13075953722000122
0.09698794782161713
0.09644009917974472
0.10698112845420837
0.09567837417125702
0.09733682125806808
0.1100422739982605
0.13317762315273285
0.10017126053571701
0.10832792520523071
0.10121513903141022
0.09970279037952423
0.10067012906074524
0.09194671362638474
0.12842518091201782
0.09637945145368576
0.08967229723930359
0.10282342880964279
0.10929682850837708
0.11317693442106247
0.0974595695734024
0.11417772620916367
0.10108599066734314
0.09514860808849335
0.09915506839752197
0.11002924293279648
0.09066204726696014
0.09964852780103683
0.11697958409786224
0.08661147952079773
0.0974724218249321
0.1016148179769516
0.09992317855358124
0.09624176472425461
0.10101799666881561
0.12794190645217896
0.10180961340665817
0.09810881316661835
0.0977374017238617
0.10825660824775696
0.08932319283485413
0.09013879299163818
0.13985195755958557
0.09364064037799835
0.09066636860370636
0.10110987722873688
0.10090409964323044
0.09081447124481201
0.10352087020874023
0.13455384969711304
0.1017393171787262
0.11057396233081818
0.09567435830831528
0.09932203590869904
0.09545806050300598
0.08908101171255112
0.1326751559972763
0.09858444333076477
0.10002520680427551
0.0930943489074707
0.0972256064414978
0.09578999876976013
0.08469408750534058
0.1067599207162857
0.08923254907131195
0.10491953790187836
0.09823022782802582
0.09583084285259247
0.08973624557256699
0.09766724705696106
0.1175408661365509
0.09751175343990326
0.09658174961805344
0.09738655388355255
0.09265624731779099
0.10120999068021774
0.08858399838209152
0.1160525307059288
0.0935276448726654
0.08731842041015625
0.09513381123542786
0.1016068086028099
0.08498421311378479
0.11096390336751938
0.104459248483181
0.09337072819471359
0.0912443995475769
0.08794526755809784
0.08112984895706177
0.09658786654472351
0.11204799264669418
0.10983611643314362
0.0949452817440033
0.09497368335723877
0.0943596363067627
0.09657125920057297
0.09377264231443405
0.08866902440786362
0.10581625998020172
0.09379962086677551
0.08646564930677414
0.09387286007404327
0.09512364864349365
0.08557700365781784
0.09044761955738068
0.13130037486553192
0.09531687945127487
0.10550662130117416
0.08562052249908447
0.09389247745275497
0.09769077599048615
0.10040473937988281
0.10489140450954437
0.10035078227519989
0.09790582954883575
0.08871354907751083
0.08956228941679001
0.08957895636558533
0.10948535799980164
0.10515548288822174
0.09050922840833664
0.10640983283519745
0.10233791172504425
0.10314013063907623
0.08912929892539978
0.08554889261722565
0.1086273118853569
0.08402996510267258
0.09786117076873779
0.09153805673122406
0.09303809702396393
0.0851324200630188
0.08997680991888046
0.11651980131864548
0.08615072071552277
0.0892246663570404
0.0937681719660759
0.08485670387744904
0.0998944491147995
0.08337017893791199
0.08232755213975906
0.09167014807462692
0.09131743758916855
0.08421894907951355
0.08151262253522873
0.0853327140212059
0.08852040767669678
0.0926123559474945
0.08526252955198288
0.08905485272407532
0.09451648592948914
0.09140081703662872
0.08605911582708359
0.08140011131763458
0.14132124185562134
0.0848265215754509
0.08842410892248154
0.07858395576477051
0.09439954161643982
0.09644278883934021
0.0908576101064682
0.10070624947547913
0.09834110736846924
0.08720885962247849
0.08756199479103088
0.0888245701789856
0.09074260294437408
0.0933355987071991
0.08770275115966797
0.08911117911338806
0.09037217497825623
0.09053447842597961
0.08022615313529968
0.09305941313505173
0.09154084324836731
0.08732610195875168
0.08238739520311356
0.09382458031177521
0.08685001730918884
0.08610829710960388
0.0794680267572403
0.08601170778274536
0.12543609738349915
0.08486124873161316
0.08807848393917084
0.08530056476593018
0.08400331437587738
0.0929551050066948
0.08609820902347565
0.08723851293325424
0.08135370910167694
0.09200082719326019
0.08841647207736969
0.09123190492391586
0.08670003712177277
0.09127738326787949
0.13682107627391815
0.08646281808614731
0.0818043127655983
0.09476109594106674
0.08413951098918915
0.0795256718993187
0.08302037417888641
0.10546302050352097
0.09226751327514648
0.08864377439022064
0.08585375547409058
0.0817212164402008
0.08679719269275665
0.0765279233455658
0.11318403482437134
0.08305341005325317
0.08542390912771225
0.0834973007440567
0.08327369391918182
0.07720240950584412
0.09311679005622864
0.10026954859495163
0.08614026755094528
0.0839683935046196
0.07662318646907806
0.08752170205116272
0.07752341777086258
0.08419233560562134
0.10954242199659348
0.10845774412155151
0.09162630140781403
0.08744733780622482
0.0785655826330185
0.08543936908245087
0.0808931440114975
0.0952443778514862
0.07898623496294022
0.07409968972206116
0.07260362803936005
0.09961876273155212
0.0838218554854393
0.08405736088752747
0.09935779869556427
0.08685006201267242
0.09629273414611816
0.08913461863994598
0.08026016503572464
0.07589449733495712
0.07799893617630005
0.08675485104322433
0.09679141640663147
0.098594069480896
0.09041905403137207
0.07945822179317474
0.08612765371799469
0.08160064369440079
0.0798613652586937
0.07404985278844833
0.0835406631231308
0.08702634274959564
0.08405786007642746
0.08664053678512573
0.08560721576213837
0.10081811249256134
0.0818118080496788
0.08520158380270004
0.08068536221981049
0.07415401935577393
0.08023977279663086
0.0798136442899704
0.10077427327632904
0.07582617551088333
0.07713672518730164
0.07809033989906311
0.08435338735580444
0.09144192934036255
0.08645768463611603
0.09311201423406601
0.07559576630592346
0.08072374761104584
0.09310805797576904
0.07359203696250916
0.08158832043409348
0.06870120018720627
0.08550691604614258
0.08942081034183502
0.08887069672346115
0.07452024519443512
0.0755753144621849
0.07342678308486938
0.06976321339607239
0.09650081396102905
0.08346768468618393
0.07967711985111237
0.07805262506008148
0.08251624554395676
0.07233777642250061
0.08329246938228607
0.0908503457903862
0.08027200400829315
0.0820072814822197
0.072797030210495
0.07117652893066406
0.08745718002319336
0.07557440549135208
0.09466753900051117
0.08260712772607803
0.0887002944946289
0.07577002048492432
0.07487432658672333
0.08215875923633575
0.07694205641746521
0.09385975450277328
0.07787421345710754
0.09861481189727783
0.08279001712799072
0.082947738468647
0.0830804854631424
0.07767271995544434
0.08290696144104004
0.08029349148273468
0.07738092541694641
0.0825074315071106
0.08702632039785385
0.07708162069320679
0.0734100192785263
0.09019917249679565
0.08653070032596588
0.07384580373764038
0.07361800968647003
0.08141733705997467
0.08066610246896744
0.0717061385512352
0.0792495459318161
0.08089890331029892
0.073578841984272
0.07415203005075455
0.07661706209182739
0.06951522827148438
0.07503101974725723
0.09050645679235458
0.07821584492921829
0.07725229114294052
0.0736861452460289
0.06975365430116653
0.07162570208311081
0.08335556834936142
0.07719390094280243
0.07033134251832962
0.06600354611873627
0.07106044888496399
0.0812695249915123
0.07999107241630554
0.07912946492433548
0.1221211850643158
0.07236547023057938
0.07596921920776367
0.09739931672811508
0.07795584201812744
0.07452596724033356
0.07441307604312897
0.079059898853302
0.07747595757246017
0.0743052288889885
0.07831059396266937
0.08288604021072388
0.07877154648303986
0.0727492943406105
0.06493031978607178
0.07957236468791962
0.08122055977582932
0.07424924522638321
0.06940480321645737
0.08279308676719666
0.0686052218079567
0.07755309343338013
0.069434255361557
0.07820489257574081
0.0782889649271965
0.07580479979515076
0.07101775705814362
0.07400999963283539
0.10383962094783783
0.07604935765266418
0.07116219401359558
0.0732290968298912
0.07228705286979675
0.08767208456993103
0.0724656954407692
0.07126364856958389
0.0685436874628067
0.07177434116601944
0.06625860184431076
0.07048104703426361
0.07675161957740784
0.07268485426902771
0.07988329231739044
0.07532896846532822
0.07926340401172638
0.06919412314891815
0.07479976862668991
0.07036484032869339
0.07133840769529343
0.08938603103160858
0.06743758171796799
0.06765902787446976
0.07131252437829971
0.07458005845546722
0.0972016304731369
0.06998451799154282
0.07741005718708038
0.06972560286521912
0.07399623095989227
0.07572215050458908
0.07409325242042542
0.07576865702867508
0.06918744742870331
0.11049758642911911
0.08364628255367279
0.07690295577049255
0.06779885292053223
0.0725090503692627
0.06459321081638336
0.07058599591255188
0.09027832746505737
0.08248832076787949
0.07016316056251526
0.06696318089962006
0.06611688435077667
0.06829904019832611
0.07280366122722626
0.06764426082372665
0.06549882888793945
0.06645481288433075
0.06899026036262512
0.07104399800300598
0.06736162304878235
0.0675521045923233
0.10130911320447922
0.07718507945537567
0.07214874029159546
0.0680132806301117
0.09537895768880844
0.07176545262336731
0.07273745536804199
0.10148152709007263
0.07403422892093658
0.0754234567284584
0.07676255702972412
0.08531555533409119
0.07568347454071045
0.07406524568796158
0.08368074148893356
0.07194843888282776
0.06357035040855408
0.07852740585803986
0.07698185741901398
0.07259050011634827
0.06600520014762878
0.08243399858474731
0.07801754027605057
0.08032061904668808
0.07682643830776215
0.06666719913482666
0.07026863843202591
0.06342063844203949
0.07666349411010742
0.07465734332799911
0.07689931243658066
0.07407598197460175
0.07189393043518066
0.0642477497458458
0.06998112797737122
0.08897130191326141
0.08943735808134079
0.1035110354423523
0.07443108409643173
0.07295122742652893
0.07840117812156677
0.06871695816516876
0.08574637025594711
0.06773726642131805
0.06890507787466049
0.06544308364391327
0.08309650421142578
0.07348344475030899
0.07378463447093964
0.09489451348781586
0.069960817694664
0.0668177604675293
0.07194344699382782
0.07829692214727402
0.06892919540405273
0.06518234312534332
0.07662941515445709
0.06172270327806473
0.07140957564115524
0.07239675521850586
0.06585706770420074
0.06740518659353256
0.06615111231803894
0.07929281890392303
0.06912459433078766
0.0701952576637268
0.07202550768852234
0.0695662796497345
0.07195301353931427
0.06684240698814392
0.0747913047671318
0.08037682622671127
0.07068492472171783
0.07173415273427963
0.07502502202987671
0.0702187567949295
0.06855029612779617
0.10059477388858795
0.07043370604515076
0.08047893643379211
0.0751313790678978
0.07004198431968689
0.07120665162801743
0.06637617200613022
0.07407258450984955
0.08114630728960037
0.06543995440006256
0.06718289852142334
0.07015462964773178
0.08084127306938171
0.0681721419095993
0.11018569767475128
0.06534430384635925
0.06985658407211304
0.06017383560538292
0.06934113055467606
0.08542785048484802
0.07070377469062805
0.0763649046421051
0.06774210929870605
0.07584206014871597
0.06664425134658813
0.06588202714920044
0.06104887276887894
0.06380245089530945
0.08018352091312408
0.06468011438846588
0.07255743443965912
0.0644616186618805
0.06667649000883102
0.06284797191619873
0.062193773686885834
0.08050789684057236
0.06880087405443192
0.06459943950176239
0.07004494965076447
0.06765531748533249
0.0659184679389
0.09029381722211838
0.08532638847827911
0.06680864840745926
0.06286589801311493
0.07108599692583084
0.07839874923229218
0.07198771834373474
0.07503863424062729
0.08347182720899582
0.05922149121761322
0.06524132192134857
0.0665401741862297
0.06374911963939667
0.06849833577871323
0.06858816742897034
0.09506859630346298
0.06243018060922623
0.06590721011161804
0.07298548519611359
0.0647626742720604
0.07694073021411896
0.07428634911775589
0.08211567252874374
0.07454121112823486
0.06517545133829117
0.06476706266403198
0.06946882605552673
0.0625176876783371
0.06944338977336884
0.0714922547340393
0.0638386607170105
0.07168395817279816
0.06475715339183807
0.06267932057380676
0.0578029565513134
0.06955228000879288
0.06900274753570557
0.06786666065454483
0.06949446350336075
0.059957459568977356
0.06531045585870743
0.0730295479297638
0.06459711492061615
0.07396754622459412
0.06413038074970245
0.059396252036094666
0.06688480824232101
0.06860806047916412
0.0637580081820488
0.06048199161887169
0.09508603811264038
0.0623001754283905
0.0592513382434845
0.06769104301929474
0.059840019792318344
0.06441241502761841
0.07887283712625504
0.08170286566019058
0.05972904711961746
0.06874965131282806
0.06569033861160278
0.0640992522239685
0.05883699655532837
0.07055012881755829
0.07941574603319168
0.06675402820110321
0.06860964000225067
0.060601454228162766
0.0648881271481514
0.06149916350841522
0.05858544632792473
0.08522885292768478
0.06503227353096008
0.06811763346195221
0.06431877613067627
0.05999342352151871
0.0675334706902504
0.06795276701450348
0.07362037152051926
0.06225935369729996
0.06987671554088593
0.0579134076833725
0.056255292147397995
0.06130966171622276
0.07405950129032135
0.06784068793058395
0.07268908619880676
0.07358679175376892
0.06230770796537399
0.06071317940950394
0.06745482981204987
0.05828976258635521
0.06197822093963623
0.06695902347564697
0.06534165143966675
0.0618768185377121
0.0675475150346756
0.05919355899095535
0.057231031358242035
0.10067885369062424
0.066587433218956
0.06499586254358292
0.07017446309328079
0.06244896352291107
0.061696600168943405
0.06119370087981224
0.08424073457717896
0.06428303569555283
0.059462904930114746
0.06956078112125397
0.05926358699798584
0.061809372156858444
0.060501035302877426
0.06568028032779694
0.06967154145240784
0.06123986840248108
0.06408493965864182
0.057700954377651215
0.05952843278646469
0.05850943922996521
0.06702784448862076
0.06383742392063141
0.06412452459335327
0.062190428376197815
0.0634341835975647
0.06800763309001923
0.06433568894863129
0.09605538845062256
0.07682933658361435
0.06773604452610016
0.06211875006556511
0.06498727202415466
0.06098221242427826
0.06334773451089859
0.07295072078704834
0.05579354614019394
0.07233171164989471
0.06416507065296173
0.07430718839168549
0.06749261915683746
0.06046731024980545
0.060425110161304474
0.056328028440475464
0.06693767011165619
0.058311160653829575
0.06221973896026611
0.06208324432373047
0.06420150399208069
0.09293542802333832
0.06420557200908661
0.06330549716949463
0.06224445253610611
0.059434957802295685
0.06972420960664749
0.05607914552092552
0.06876344233751297
0.07229594886302948
0.058549925684928894
0.07047958672046661
0.06426795572042465
0.06192493438720703
0.058970868587493896
0.0617462620139122
0.0647258460521698
0.06453483551740646
0.06857042014598846
0.056776128709316254
0.0562995970249176
0.056703727692365646
0.0649450421333313
0.059629421681165695
0.05958157032728195
0.05525217577815056
0.06209440156817436
0.06764549016952515
0.053903110325336456
0.07865458726882935
0.06530208140611649
0.05587738752365112
0.05542714521288872
0.057705726474523544
0.06266774237155914
0.05984112247824669
0.10036316514015198
0.06581464409828186
0.06613502651453018
0.06748061627149582
0.059579234570264816
0.05879446491599083
0.058283042162656784
0.09720711410045624
0.06608229130506516
0.060369767248630524
0.07152330130338669
0.06053219363093376
0.07356731593608856
0.05591187626123428
0.07941324263811111
0.06094272434711456
0.06024099886417389
0.06497576087713242
0.059094201773405075
0.060823991894721985
0.06737060844898224
0.09514599293470383
0.06286145746707916
0.06397782266139984
0.07354506850242615
0.06096763163805008
0.06386961787939072
0.059743188321590424
0.09771960228681564
0.061327215284109116
0.088935486972332
0.06183323264122009
0.06034950911998749
0.06832177937030792
0.062406063079833984
0.0771980807185173
0.0629182755947113
0.058301325887441635
0.06984855234622955
0.06017671525478363
0.06525124609470367
0.056460604071617126
0.07901977002620697
0.06276726722717285
0.06184976547956467
0.055799275636672974
0.06181812286376953
0.06233407184481621
0.06318891048431396
0.0836908146739006
0.06335385888814926
0.05630123242735863
0.053786665201187134
0.05743027478456497
0.0655951276421547
0.06495017558336258
0.06987818330526352
0.060864441096782684
0.06234246492385864
0.05384436994791031
0.0572345107793808
0.06640519201755524
0.059191759675741196
0.06737572699785233
0.06457789987325668
0.06067555397748947
0.06355038285255432
0.0583876334130764
0.06056744605302811
0.06101024150848389
0.08036639541387558
0.05763816088438034
0.0739610567688942
0.073990598320961
0.056644853204488754
0.059209249913692474
0.06725957244634628
0.05710097774863243
0.05974454805254936
0.05553915724158287
0.0579935684800148
0.06537454575300217
0.05808946117758751
0.06010286137461662
0.07554762065410614
0.051155783236026764
0.057083576917648315
0.06412086635828018
0.05630575120449066
0.06002233922481537
0.06170408055186272
0.06547960638999939
0.06944230943918228
0.05560021847486496
0.05948726832866669
0.05231376737356186
0.05548286437988281
0.060379281640052795
0.06916436553001404
0.055401381105184555
0.0662885531783104
0.05332302302122116
0.06270243227481842
0.05824723467230797
0.05523514002561569
0.0807279497385025
0.05509280413389206
0.06570909917354584
0.05996256694197655
0.05577028915286064
0.06086527556180954
0.056386590003967285
0.08194393664598465
0.055794790387153625
0.05648380517959595
0.05686671659350395
0.06000271067023277
0.054130952805280685
0.05610612779855728
0.11901748180389404
0.07261500507593155
0.06527606397867203
0.06648731231689453
0.07265111804008484
0.06421932578086853
0.06142387539148331
0.08872160315513611
0.06157861277461052
0.059361234307289124
0.059829212725162506
0.06419054418802261
0.059324152767658234
0.053485941141843796
0.07758063822984695
0.06906075775623322
0.055965207517147064
0.05785873159766197
0.05088922381401062
0.06209927424788475
0.059718139469623566
0.08145179599523544
0.05769629776477814
0.05908973515033722
0.0559225007891655
0.059433043003082275
0.05398787558078766
0.05504859611392021
0.0756763219833374
0.05245018005371094
0.05135960504412651
0.056992482393980026
0.05559227615594864
0.05882548540830612
0.05983373522758484
0.06086648255586624
0.051201336085796356
0.06076417863368988
0.04985269159078598
0.053170450031757355
0.061439987272024155
0.055123329162597656
0.06182989478111267
0.06699985265731812
0.04925984889268875
0.04999321699142456
0.05473240464925766
0.057069625705480576
0.052541568875312805
0.0725645199418068
0.053460486233234406
0.06520800292491913
0.06268637627363205
0.05663593113422394
0.0570310577750206
0.05392065271735191
0.0633530244231224
0.05421088635921478
0.05828846991062164
0.058809347450733185
0.05901188403367996
0.051406677812337875
0.04987180978059769
0.07591856271028519
0.05361051857471466
0.05879271775484085
0.061441220343112946
0.05118263512849808
0.05793384462594986
0.051679231226444244
0.07483339309692383
0.05053886026144028
0.05624057352542877
0.05695238709449768
0.058655984699726105
0.05459634214639664
0.05173058435320854
0.070760577917099
0.05672696977853775
0.0499424934387207
0.054751746356487274
0.053852628916502
0.06091054901480675
0.05974844843149185
0.08207018673419952
0.06730389595031738
0.05560488998889923
0.05582493543624878
0.05433472618460655
0.052464984357357025
0.054113417863845825
0.08130023628473282
0.058192797005176544
0.06521569937467575
0.057363130152225494
0.05730729550123215
0.050567105412483215
0.05110128968954086
0.06838561594486237
0.05964471027255058
0.05441528186202049
0.058997005224227905
0.06193552911281586
0.05470255762338638
0.05281046777963638
0.07628656923770905
0.04864249750971794
0.06385400891304016
0.05322778970003128
0.05243509262800217
0.06265716999769211
0.04674018919467926
0.06494593620300293
0.05108471214771271
0.04902659356594086
0.05716384947299957
0.05221198499202728
0.0541449598968029
0.05202619358897209
0.07283337414264679
0.051306627690792084
0.05258263275027275
0.06296783685684204
0.05623902380466461
0.06292082369327545
0.04945844039320946
0.07450780272483826
0.04855090007185936
0.06223662197589874
0.05813784897327423
0.057126834988594055
0.05470255762338638
0.056490711867809296
0.06715501844882965
0.06030859798192978
0.05373930558562279
0.06242867559194565
0.05066586658358574
0.06213937699794769
0.051199864596128464
0.06695470213890076
0.051800213754177094
0.05365847051143646
0.053520724177360535
0.05140087008476257
0.05294518172740936
0.049568869173526764
0.07669106125831604
0.05413360893726349
0.0615149661898613
0.05459478124976158
0.05269474908709526
0.05008447915315628
0.0579434297978878
0.05534183979034424
0.053999900817871094
0.04959895461797714
0.057129837572574615
0.05547070503234863
0.051483046263456345
0.05495988577604294
0.07008689641952515
0.04875317960977554
0.05353192612528801
0.05601714551448822
0.052425533533096313
0.05568420886993408
0.05099418759346008
0.06110958009958267
0.053542330861091614
0.052196428179740906
0.049609120935201645
0.05680951476097107
0.05500383302569389
0.05033224821090698
0.07109695672988892
0.06859280169010162
0.05552508682012558
0.0577496699988842
0.05790325999259949
0.05251004546880722
0.04919881746172905
0.07141398638486862
0.05042177438735962
0.05875890702009201
0.05936121568083763
0.054569464176893234
0.05608905479311943
0.05816638097167015
0.06054459139704704
0.04805077612400055
0.048854902386665344
0.05783449113368988
0.05910452455282211
0.05924391746520996
0.04960867762565613
0.06568625569343567
0.05453885719180107
0.050919242203235626
0.049062564969062805
0.04472292587161064
0.0605805478990078
0.0532277375459671
0.08967188000679016
0.051955968141555786
0.059239231050014496
0.04954881966114044
0.05155842751264572
0.06053698807954788
0.04850975424051285
0.05653686448931694
0.0507531575858593
0.055740296840667725
0.04985786974430084
0.060202986001968384
0.055453866720199585
0.0503058061003685
0.06716007739305496
0.04821640998125076
0.059270694851875305
0.05425303801894188
0.061063461005687714
0.053208738565444946
0.050924092531204224
0.05851595848798752
0.0523989163339138
0.04968919977545738
0.0608341358602047
0.05082973092794418
0.0558401457965374
0.057019516825675964
0.05953262373805046
0.051048099994659424
0.05199630185961723
0.04532557725906372
0.05745413526892662
0.05104142054915428
0.04796559363603592
0.06997186690568924
0.06063923239707947
0.0494053028523922
0.04593680053949356
0.05608947202563286
0.04982724413275719
0.05823555216193199
0.06179821491241455
0.052104659378528595
0.05437266826629639
0.049935366958379745
0.052152540534734726
0.06465362757444382
0.05671541392803192
0.07680828869342804
0.05300375074148178
0.08637471497058868
0.06042215973138809
0.05646606907248497
0.050756365060806274
0.0567324124276638
0.06639247387647629
0.05387900769710541
0.05709289759397507
0.06371307373046875
0.055419083684682846
0.05068786442279816
0.05599140375852585
0.06790478527545929
0.05293560028076172
0.04913344234228134
0.05958230420947075
0.05570148676633835
0.05386632680892944
0.04829756170511246
0.07147371768951416
0.04963870346546173
0.052547626197338104
0.049406781792640686
0.05190642178058624
0.04955859109759331
0.056659724563360214
0.0993162989616394
0.05700322240591049
0.0557866245508194
0.05392015725374222
0.057901330292224884
0.05415165424346924
0.04772499203681946
0.08003008365631104
0.0547180138528347
0.0517120286822319
0.06627306342124939
0.056275270879268646
0.057105135172605515
0.04971332475543022
0.06575635075569153
0.06179054081439972
0.05566088855266571
0.05015089735388756
0.058507293462753296
0.051179707050323486
0.051070310175418854
0.06017981097102165
0.04953072965145111
0.047486841678619385
0.050867244601249695
0.05252830684185028
0.05233202502131462
0.05886087566614151
0.06515828520059586
0.05773046240210533
0.05046209320425987
0.05627129226922989
0.0533597469329834
0.05000167340040207
0.05656107887625694
0.05658290535211563
0.05154760926961899
0.050465479493141174
0.05377015098929405
0.05296351760625839
0.05027608200907707
0.052032746374607086
0.05750120431184769
0.05826763063669205
0.05070727691054344
0.056572772562503815
0.052138082683086395
0.05222718417644501
0.05045648664236069
0.07025431841611862
0.05416338890790939
0.048531319946050644
0.05509934946894646
0.05547623336315155
0.05256075784564018
0.04854613170027733
0.06188661977648735
0.05796778202056885
0.057035304605960846
0.05169311910867691
0.04837905988097191
0.047141216695308685
0.052885737270116806
0.08396291732788086
0.049980681389570236
0.055901020765304565
0.04674377664923668
0.05368192493915558
0.05141302943229675
0.05088987201452255
0.0668734759092331
0.05277523398399353
0.058468859642744064
0.04871585965156555
0.0539780929684639
0.04973879083991051
0.04959466680884361
0.06041727215051651
0.048406969755887985
0.047060947865247726
0.06389234960079193
0.04541913419961929
0.05012499541044235
0.05133165046572685
0.05855109542608261
0.051229920238256454
0.05367033928632736
0.05285017937421799
0.05325905978679657
0.049007710069417953
0.04703137278556824
0.061075590550899506
0.051451586186885834
0.04974324628710747
0.053234707564115524
0.046937864273786545
0.05317247658967972
0.052531011402606964
0.0542026124894619
0.05683021992444992
0.046744123101234436
0.04890770465135574
0.055785685777664185
0.054411500692367554
0.06590823084115982
0.05511821061372757
0.05526701360940933
0.04659632593393326
0.05215391144156456
0.048798225820064545
0.054891437292099
0.05339808017015457
0.062177203595638275
0.05147027596831322
0.04147813469171524
0.04424646124243736
0.05889608711004257
0.05765741318464279
0.05163552612066269
0.06347088515758514
0.04983600974082947
0.05139032006263733
0.04852713644504547
0.04851020500063896
0.05350078269839287
0.04706163331866264
0.05528738722205162
0.04547382518649101
0.04873508960008621
0.04731498658657074
0.04781176894903183
0.05055753141641617
0.04860846325755119
0.08641134202480316
0.05222596973180771
0.04882252961397171
0.04971998557448387
0.05013101547956467
0.05092529579997063
0.053967222571372986
0.07378298044204712
0.05518334358930588
0.04887797683477402
0.0499972365796566
0.05039362236857414
0.05658377707004547
0.049029186367988586
0.05933317542076111
0.05017109960317612
0.0493050180375576
0.04526158422231674
0.04643353074789047
0.05414552241563797
0.05180857703089714
0.06922629475593567
0.04806134104728699
0.054543547332286835
0.046569060534238815
0.0516480915248394
0.05074501037597656
0.050362154841423035
0.06230712682008743
0.06246162950992584
0.048845626413822174
0.05676518380641937
0.05002915859222412
0.04638693854212761
0.04402986168861389
0.07794257998466492
0.05110684782266617
0.056173600256443024
0.049951568245887756
0.05212073773145676
0.061930976808071136
0.05062711238861084
0.07741688191890717
0.07693616300821304
0.0649295523762703
0.061270564794540405
0.06643716245889664
0.059881821274757385
0.04717171937227249
0.06217923387885094
0.04414172098040581
0.05490609630942345
0.05247625336050987
0.059658534824848175
0.0586751326918602
0.050253234803676605
0.07519906014204025
0.049842312932014465
0.05425536632537842
0.050085004419088364
0.04856046661734581
0.05359473451972008
0.05617915838956833
0.0894293412566185
0.05257665365934372
0.06368843466043472
0.0473836325109005
0.05400214344263077
0.04817122220993042
0.05321429297327995
0.07217288017272949
0.05103924870491028
0.04540510103106499
0.05028369650244713
0.051893558353185654
0.05124102532863617
0.05228772014379501
0.06804689019918442
0.048019491136074066
0.05269036814570427
0.046214040368795395
0.05286600813269615
0.048139654099941254
0.05085920915007591
0.07053808867931366
0.04987085983157158
0.053682100027799606
0.04885178431868553
0.04665817320346832
0.05345753952860832
0.05375951528549194
0.06465097516775131
0.05173669382929802
0.05423164367675781
0.048246413469314575
0.04830820858478546
0.051225997507572174
0.04745908081531525
0.06064982712268829
0.05010895058512688
0.056381698697805405
0.05168844014406204
0.0601213201880455
0.0482257679104805
0.04621788486838341
0.06473580002784729
0.050646375864744186
0.05157281458377838
0.04684969037771225
0.04956948757171631
0.0458146296441555
0.047720350325107574
0.07805086672306061
0.06060953438282013
0.04803130030632019
0.046142321079969406
0.04604538902640343
0.04590262472629547
0.047579266130924225
0.05936230719089508
0.05035591870546341
0.04600481688976288
0.056698448956012726
0.0498896948993206
0.05425287410616875
0.046886514872312546
0.06162382662296295
0.049195803701877594
0.05660860240459442
0.0501854345202446
0.049059923738241196
0.05351739376783371
0.048051975667476654
0.05521056801080704
0.04860217869281769
0.046866100281476974
0.04831654950976372
0.04742343723773956
0.051232095807790756
0.05223286896944046
0.04719041287899017
0.05370589345693588
0.062111347913742065
0.047136835753917694
0.045654892921447754
0.05142928287386894
0.04568493366241455
0.06282000243663788
0.046795617789030075
0.05317471921443939
0.04765118658542633
0.0535237155854702
0.04390009492635727
0.04814843460917473
0.07298630475997925
0.05329579859972
0.04694589227437973
0.0441921167075634
0.04860852658748627
0.04840485379099846
0.04820520803332329
0.055624820291996
0.04825497791171074
0.04527996480464935
0.053723882883787155
0.0525020956993103
0.04746086895465851
0.04211600869894028
0.07340454310178757
0.06149159371852875
0.046063780784606934
0.0537707656621933
0.04789886996150017
0.04741434007883072
0.05630648881196976
0.060084834694862366
0.04407941922545433
0.058235492557287216
0.04534121975302696
0.057230666279792786
0.04874107986688614
0.05526158958673477
0.06146913766860962
0.05327624827623367
0.04926665127277374
0.049347423017024994
0.050074778497219086
0.0424731969833374
0.04885905981063843
0.05347464233636856
0.04441904276609421
0.057282693684101105
0.048691943287849426
0.04547655209898949
0.047869544476270676
0.045541658997535706
0.05603094398975372
0.046178724616765976
0.05131199583411217
0.042876340448856354
0.04544809088110924
0.04903799295425415
0.045618124306201935
0.049172814935445786
0.04824071750044823
0.04438910633325577
0.043728020042181015
0.04666644334793091
0.0437249019742012
0.050482891499996185
0.0535576194524765
0.04334094375371933
0.04899507761001587
0.04318170249462128
0.0528123676776886
0.0515126958489418
0.05053700506687164
0.16907846927642822
0.08444006741046906
0.06699778884649277
0.059993743896484375
0.06585253030061722
0.06548699736595154
0.06137698143720627
0.06431660056114197
0.061335571110248566
0.05220320075750351
0.06014513596892357
0.05173046886920929
0.05080541595816612
0.05013323947787285
0.05850963294506073
0.05177925527095795
0.05507411062717438
0.05015704035758972
0.055799856781959534
0.04817237704992294
0.04941364750266075
0.061322666704654694
0.04990324005484581
0.05177721008658409
0.04951612651348114
0.047880809754133224
0.04942634329199791
0.04829412326216698
0.08391543477773666
0.05273067206144333
0.04981236159801483
0.05891069769859314
0.04638976603746414
0.04600504785776138
0.05392802506685257
0.08052227646112442
0.05608389899134636
0.05880158394575119
0.04810965061187744
0.04898033291101456
0.04376842826604843
0.05544239282608032
0.057876795530319214
0.04792168736457825
0.04991350322961807
0.04793071001768112
0.053281888365745544
0.051696594804525375
0.04299424588680267
0.08916410058736801
0.05321071296930313
0.05344083160161972
0.059157468378543854
0.05234552547335625
0.05048681050539017
0.04510852321982384
0.07362094521522522
0.0515495166182518
0.046169158071279526
0.05031581223011017
0.06283538788557053
0.04864899814128876
0.046987004578113556
0.06829425692558289
0.052428435534238815
0.05991591140627861
0.049035102128982544
0.04623052105307579
0.04451034590601921
0.053359583020210266
0.0594567134976387
0.046555422246456146
0.04554442688822746
0.05231684073805809
0.045585997402668
0.062289729714393616
0.04895241558551788
0.05702599883079529
0.04494856297969818
0.05220514163374901
0.05496387183666229
0.050315938889980316
0.04572197422385216
0.04898567125201225
0.056803569197654724
0.044907040894031525
0.05522354692220688
0.04592282325029373
0.05411724001169205
0.048661328852176666
0.04532412812113762
0.09167718887329102
0.05130074918270111
0.05011655390262604
0.053620368242263794
0.053462546318769455
0.04446931928396225
0.04658330976963043
0.04931909590959549
0.04999355971813202
0.043081607669591904
0.04719220846891403
0.04978100582957268
0.0483325831592083
0.04569551348686218
0.11920462548732758
0.04919939860701561
0.04814746603369713
0.05216735601425171
0.048669807612895966
0.060119714587926865
0.045136794447898865
0.07610475271940231
0.04876284301280975
0.0490853451192379
0.04597973823547363
0.040816061198711395
0.053150519728660583
0.05024927854537964
0.06321985274553299
0.043253716081380844
0.054103784263134
0.044742271304130554
0.04989681392908096
0.04589126631617546
0.0491570346057415
0.0631476566195488
0.04473591968417168
0.04391401261091232
0.04800505191087723
0.04526832327246666
0.04881897568702698
0.05674801394343376
0.06133710965514183
0.0534883514046669
0.04910685867071152
0.054842717945575714
0.05141273885965347
0.04641824960708618
0.04649616777896881
0.051189810037612915
0.048069246113300323
0.05070203170180321
0.04786796122789383
0.04671403020620346
0.04990345984697342
0.04637676104903221
0.055681388825178146
0.0443391315639019
0.04891449958086014
0.044052984565496445
0.047461580485105515
0.04460926353931427
0.04886796697974205
0.06452777981758118
0.04875350743532181
0.048178039491176605
0.051432788372039795
0.04768376797437668
0.04674939811229706
0.0410555899143219
0.0744505375623703
0.04954683035612106
0.04568237066268921
0.04617394506931305
0.04539965093135834
0.05181526765227318
0.045239564031362534
0.08289815485477448
0.04782448709011078
0.05000719055533409
0.05043870955705643
0.046089258044958115
0.04733704775571823
0.050640325993299484
0.07977379858493805
0.04772665724158287
0.054193444550037384
0.04499159753322601
0.045659974217414856
0.05861426889896393
0.043421484529972076
0.07229740917682648
0.04904880374670029
0.052313968539237976
0.04727829992771149
0.04924391955137253
0.04733901843428612
0.04555332288146019
0.05985809862613678
0.04624524340033531
0.05223334953188896
0.04471534490585327
0.04930926859378815
0.04966571182012558
0.04669903218746185
0.06722746789455414
0.045279622077941895
0.045715056359767914
0.05603201314806938
0.043680064380168915
0.05298253148794174
0.053032051771879196
0.06728431582450867
0.053958743810653687
0.04655832797288895
0.04393444210290909
0.051595814526081085
0.04544337838888168
0.04667405039072037
0.05429109185934067
0.04501066356897354
0.04384689778089523
0.04635810852050781
0.04355728253722191
0.050597839057445526
0.04506086930632591
0.05885854363441467
0.04173826426267624
0.040998734533786774
0.04754779860377312
0.04347098991274834
0.04837211221456528
0.04227152466773987
0.05949141085147858
0.04784760996699333
0.04358338564634323
0.048146769404411316
0.04501728340983391
0.04645824432373047
0.04319436475634575
0.05008309707045555
0.04107648506760597
0.04325436055660248
0.043158456683158875
0.04517277330160141
0.05376293510198593
0.04796339571475983
0.0606531947851181
0.046355873346328735
0.04322030395269394
0.05079963803291321
0.03959750384092331
0.04192095249891281
0.04568714648485184
0.0579245463013649
0.042739223688840866
0.03963956981897354
0.04431938752532005
0.04944673180580139
0.04556531459093094
0.04870059713721275
0.08647730946540833
0.047046907246112823
0.04436725378036499
0.05209789425134659
0.04601876065135002
0.04422833025455475
0.049642082303762436
0.07030853629112244
0.04207397252321243
0.04127751290798187
0.04729741811752319
0.0478484183549881
0.046687446534633636
0.04128732532262802
0.06819091737270355
0.04076932370662689
0.052629049867391586
0.042212244123220444
0.042797114700078964
0.04608830809593201
0.044038720428943634
0.04974617809057236
0.04292503744363785
0.045795001089572906
0.05022713169455528
0.04476098716259003
0.04202934354543686
0.04485982656478882
0.060161761939525604
0.044290691614151
0.04975175857543945
0.05556645616889
0.0452452078461647
0.03834952414035797
0.054613467305898666
0.05772474408149719
0.051405392587184906
0.04633243381977081
0.04595199227333069
0.04646208882331848
0.04061398655176163
0.05328048765659332
0.07373393326997757
0.05037312209606171
0.048224031925201416
0.04268438741564751
0.04390404745936394
0.05277463048696518
0.04314195364713669
0.04885145649313927
0.047175757586956024
0.04415354132652283
0.0394456647336483
0.04543375223875046
0.046113353222608566
0.04283022880554199
0.05822620540857315
0.04357604682445526
0.043948717415332794
0.040850117802619934
0.04273369908332825
0.046517513692379
0.04389810562133789
0.051699087023735046
0.04411957785487175
0.04487421736121178
0.04352007806301117
0.04413645714521408
0.04532385617494583
0.04247233271598816
0.05072983726859093
0.05567777901887894
0.04468144476413727
0.05001404881477356
0.044796910136938095
0.04608502238988876
0.0409848690032959
0.050182145088911057
0.04958212375640869
0.046939194202423096
0.04351286590099335
0.04132809862494469
0.04408197104930878
0.041343383491039276
0.07706421613693237
0.04261748492717743
0.04581039398908615
0.04788784310221672
0.044360995292663574
0.04106269031763077
0.04361049830913544
0.06464463472366333
0.04071936383843422
0.04988090693950653
0.044394977390766144
0.04142409563064575
0.043451160192489624
0.039845969527959824
0.05424071475863457
0.04690009355545044
0.0436241552233696
0.04030479118227959
0.04545809328556061
0.04273350164294243
0.042589329183101654
0.046440865844488144
0.05283672362565994
0.04086664319038391
0.038749903440475464
0.0397663414478302
0.04579416662454605
0.043425243347883224
0.05450839549303055
0.037436842918395996
0.044234998524188995
0.04883915185928345
0.050978269428014755
0.04802106320858002
0.04110246151685715
0.04763895273208618
0.04927069693803787
0.047113727778196335
0.05228869616985321
0.04252686724066734
0.03749580681324005
0.0404687374830246
0.050646718591451645
0.051383864134550095
0.04244635999202728
0.04732581600546837
0.04218915104866028
0.04227077215909958
0.04990110546350479
0.051294948905706406
0.04217880964279175
0.045234039425849915
0.04363089054822922
0.04398447275161743
0.04479191452264786
0.0422852486371994
0.06377309560775757
0.04547065123915672
0.041958197951316833
0.042844053357839584
0.04994874820113182
0.04165129363536835
0.04833924397826195
0.05485241115093231
0.043875567615032196
0.041508980095386505
0.047009579837322235
0.04220007359981537
0.04047301784157753
0.04418572783470154
0.05460157245397568
0.042192354798316956
0.0438469722867012
0.046077366918325424
0.04099031537771225
0.04192638397216797
0.04015406221151352
0.060208629816770554
0.059993159025907516
0.040229834616184235
0.03874054551124573
0.04492419585585594
0.0425514355301857
0.0473458394408226
0.0582101047039032
0.04536650702357292
0.039355259388685226
0.047921739518642426
0.049312278628349304
0.04335341975092888
0.041756510734558105
0.058650799095630646
0.04456578940153122
0.044327493757009506
0.041408948600292206
0.0444331169128418
0.04314273223280907
0.04874171316623688
0.06885426491498947
0.04723791778087616
0.043496277183294296
0.042201876640319824
0.04184141010046005
0.03874621540307999
0.04494568333029747
0.08571001142263412
0.04240433871746063
0.04394944757223129
0.04650428146123886
0.043281685560941696
0.053023502230644226
0.04848579689860344
0.053388189524412155
0.04251949489116669
0.04088670760393143
0.04483592137694359
0.044774528592824936
0.03778917342424393
0.04627092182636261
0.054583948105573654
0.04298069328069687
0.044248297810554504
0.04271359741687775
0.04616766795516014
0.040435925126075745
0.04470594972372055
0.04945266991853714
0.04065863788127899
0.038678064942359924
0.04843549430370331
0.04317522048950195
0.045406147837638855
0.04107144847512245
0.051798015832901
0.045091040432453156
0.0433923713862896
0.046902772039175034
0.04006060212850571
0.04489568620920181
0.044207897037267685
0.04866321384906769
0.04879996180534363
0.04379724711179733
0.0413837805390358
0.04684402048587799
0.03899369388818741
0.041352879256010056
0.05548685044050217
0.048498690128326416
0.04628874361515045
0.046869635581970215
0.0456283763051033
0.041051726788282394
0.04877503216266632
0.07899174094200134
0.04715677723288536
0.04670345410704613
0.045097388327121735
0.03976304829120636
0.048249777406454086
0.03997261822223663
0.06035961955785751
0.04513334855437279
0.04657478258013725
0.0423947274684906
0.04735543578863144
0.046444520354270935
0.044212035834789276
0.07352939248085022
0.04572398215532303
0.04173542186617851
0.042023397982120514
0.0411117821931839
0.04898832365870476
0.04079680144786835
0.06476803869009018
0.0450747013092041
0.04253062605857849
0.04583455249667168
0.0482790581882
0.0406804122030735
0.046588554978370667
0.04915850609540939
0.04327276349067688
0.04906462877988815
0.04164068400859833
0.04749776050448418
0.04282727837562561
0.04476284980773926
0.07494695484638214
0.04305639863014221
0.04056214913725853
0.03956075757741928
0.04793163388967514
0.038975201547145844
0.041365303099155426
0.052930548787117004
0.0405709482729435
0.04464937746524811
0.041406624019145966
0.040654703974723816
0.048210497945547104
0.053072474896907806
0.05339166149497032
0.045495592057704926
0.04541483521461487
0.041409190744161606
0.04390428215265274
0.03673473745584488
0.04268420860171318
0.06516586989164352
0.03908834978938103
0.04808148369193077
0.04547403007745743
0.04294770583510399
0.04198380932211876
0.04022650048136711
0.04968121647834778
0.03924620524048805
0.045596297830343246
0.04102899134159088
0.03937752544879913
0.04123813658952713
0.04326450452208519
0.04539214074611664
0.04184728115797043
0.04009382426738739
0.045758768916130066
0.04415980726480484
0.039954595267772675
0.04054633900523186
0.044164083898067474
0.04444921016693115
0.04406733065843582
0.03791207820177078
0.041973091661930084
0.038673341274261475
0.04042520374059677
0.06558465957641602
0.04397544264793396
0.04460261017084122
0.05067414045333862
0.03991030156612396
0.041565269231796265
0.04246906936168671
0.06021609902381897
0.0434676930308342
0.04176143929362297
0.04334311932325363
0.04129451885819435
0.04288134723901749
0.04148602858185768
0.06486652791500092
0.044270358979701996
0.04341266676783562
0.04502633213996887
0.044628482311964035
0.036723311990499496
0.04510374367237091
0.05457234010100365
0.04185006022453308
0.04461091756820679
0.04162072762846947
0.0413413867354393
0.03896806389093399
0.0429384708404541
0.048025406897068024
0.04442305862903595
0.04099822789430618
0.03977594152092934
0.04535697028040886
0.046077828854322433
0.04044123366475105
0.04109324514865875
0.04290013760328293
0.040957726538181305
0.038924697786569595
0.050511449575424194
0.04134568199515343
0.04274514317512512
0.049436356872320175
0.04240976274013519
0.040708623826503754
0.043201979249715805
0.03812377527356148
0.04263026639819145
0.04045794904232025
0.04229767620563507
0.044726692140102386
0.0381181463599205
0.04354364424943924
0.04452083259820938
0.03758363425731659
0.04615327715873718
0.0566721074283123
0.052829042077064514
0.04007663577795029
0.04667507857084274
0.04742429405450821
0.04360662028193474
0.04205937311053276
0.055352143943309784
0.04070429503917694
0.044057246297597885
0.04537336155772209
0.040490251034498215
0.045992717146873474
0.04504358023405075
0.04978101700544357
0.055873580276966095
0.0419086329638958
0.04407310485839844
0.04545537382364273
0.04240942746400833
0.03882315754890442
0.05854051932692528
0.046923935413360596
0.03960337117314339
0.042780693620443344
0.039349667727947235
0.038689643144607544
0.043354593217372894
0.07907259464263916
0.04571767896413803
0.04365791380405426
0.044728800654411316
0.043087683618068695
0.039727531373500824
0.03677141293883324
0.06876678764820099
0.03837697580456734
0.04100747033953667
0.04381668567657471
0.04365167021751404
0.04055829346179962
0.049763258546590805
0.050047021359205246
0.041536904871463776
0.039887674152851105
0.04285268113017082
0.046890001744031906
0.04204661771655083
0.04696793481707573
0.04940934106707573
0.047210942953825
0.03925544396042824
0.039153825491666794
0.043889548629522324
0.048037465661764145
0.04244283586740494
0.05218766629695892
0.040722232311964035
0.03850680589675903
0.04574339836835861
0.047302909195423126
0.04369920492172241
0.03509462624788284
0.07219851762056351
0.0459604412317276
0.047594618052244186
0.04369017109274864
0.041303280740976334
0.04712145775556564
0.04059547185897827
0.04886695742607117
0.05313212797045708
0.04208509624004364
0.05124708265066147
0.04337781295180321
0.04732745885848999
0.04050526022911072
0.054412227123975754
0.03961510583758354
0.04353807866573334
0.05081617459654808
0.04420338571071625
0.04713216423988342
0.04355117678642273
0.07681860029697418
0.04255272448062897
0.04467378184199333
0.04777972400188446
0.051420703530311584
0.04751063883304596
0.04080389440059662
0.05807342380285263
0.04781157895922661
0.04206205904483795
0.045874305069446564
0.04217721149325371
0.037053078413009644
0.04257714003324509
0.046406060457229614
0.04418400675058365
0.040865764021873474
0.038080327212810516
0.04545082151889801
0.04046366363763809
0.04055648297071457
0.05296739935874939
0.04137556627392769
0.03856711834669113
0.04263203963637352
0.03892219439148903
0.04150952398777008
0.03778687119483948
0.062086623162031174
0.03966880589723587
0.03934585675597191
0.042288050055503845
0.03580114245414734
0.04227600619196892
0.040855374187231064
0.06863783299922943
0.03976671025156975
0.043393176048994064
0.04058437421917915
0.03903719782829285
0.05009213835000992
0.04793400317430496
0.05378636717796326
0.04102905094623566
0.04057206213474274
0.041094228625297546
0.041299834847450256
0.04393959790468216
0.03748316317796707
0.04479052126407623
0.040958769619464874
0.042415425181388855
0.04281220585107803
0.04118027165532112
0.038698211312294006
0.041328735649585724
0.05919187515974045
0.039649274200201035
0.037536196410655975
0.04111136868596077
0.0509893074631691
0.03966624289751053
0.04651767760515213
0.05316029116511345
0.041031960397958755
0.04668852314352989
0.04444822296500206
0.03940670192241669
0.03919050469994545
0.044885724782943726
0.050303541123867035
0.04634436219930649
0.04245791956782341
0.04327186197042465
0.0401616096496582
0.0366571769118309
0.04387575015425682
0.0494469478726387
0.04067175090312958
0.0442444384098053
0.04225511476397514
0.041631679981946945
0.04124031960964203
0.0451076440513134
0.05772648751735687
0.04807602986693382
0.035145752131938934
0.043901726603507996
0.03913183510303497
0.04614245519042015
0.04092174023389816
0.049628205597400665
0.04576685279607773
0.040153101086616516
0.03927382826805115
0.043377622961997986
0.03969304636120796
0.04079872742295265
0.0762486457824707
0.043502941727638245
0.04016735404729843
0.043920814990997314
0.03950868919491768
0.04067135229706764
0.044399917125701904
0.06885907799005508
0.042042192071676254
0.04248000681400299
0.03939950466156006
0.041736140847206116
0.03889848291873932
0.03615109249949455
0.0564219132065773
0.045610349625349045
0.03663458302617073
0.046228647232055664
0.03616581857204437
0.04388082027435303
0.03626801446080208
0.06107226759195328
0.04486296698451042
0.04305388778448105
0.03901829198002815
0.040694624185562134
0.0410844050347805
0.038122616708278656
0.040465615689754486
0.04436945170164108
0.0418839268386364
0.04630162566900253
0.03784311190247536
0.03753528743982315
0.037566181272268295
0.04282279312610626
0.04135282710194588
0.03955044224858284
0.039949141442775726
0.03776763007044792
0.0369211807847023
0.04800645634531975
0.061456020921468735
0.03894440084695816
0.04501624032855034
0.04338347539305687
0.04007099196314812
0.0391937717795372
0.040204618126153946
0.055427782237529755
0.04295032471418381
0.04020661115646362
0.04410338029265404
0.03577052056789398
0.042157407850027084
0.03880850225687027
0.0507509782910347
0.042297475039958954
0.03835015743970871
0.03904169797897339
0.04171311482787132
0.04111224040389061
0.039826955646276474
0.0508773997426033
0.04105852171778679
0.03711092099547386
0.04379873722791672
0.04421057924628258
0.03927255794405937
0.04224631190299988
0.04689012095332146
0.03694738820195198
0.04541715234518051
0.03794311359524727
0.039258960634469986
0.03879495710134506
0.039450664073228836
0.046497613191604614
0.0391400083899498
0.03600786253809929
0.04541971907019615
0.04043717309832573
0.04684241861104965
0.038578059524297714
0.05141367018222809
0.03780203312635422
0.04000619053840637
0.041466377675533295
0.04007421061396599
0.036990001797676086
0.03796016424894333
0.04876619577407837
0.04981033504009247
0.04358502849936485
0.03550272434949875
0.0396520271897316
0.04188988730311394
0.037824586033821106
0.041276510804891586
0.0516437403857708
0.05153168737888336
0.039230503141880035
0.04044945910573006
0.040167443454265594
0.03903383016586304
0.051445066928863525
0.04238760471343994
0.03843848034739494
0.04189057648181915
0.040305428206920624
0.041895683854818344
0.04010653868317604
0.07252883911132812
0.0449090376496315
0.03813584893941879
0.038058504462242126
0.04081807658076286
0.04346534237265587
0.04498698562383652
0.054442353546619415
0.03900459408760071
0.03761962428689003
0.042791470885276794
0.039252426475286484
0.036344025284051895
0.04450543224811554
0.05987326055765152
0.03805157542228699
0.041727304458618164
0.04093502089381218
0.03843376785516739
0.03921886906027794
0.04108515381813049
0.04370306059718132
0.042484305799007416
0.03731017932295799
0.037695884704589844
0.038485996425151825
0.0389598086476326
0.03799297660589218
0.08304916322231293
0.04914708435535431
0.042965762317180634
0.044275104999542236
0.05153406411409378
0.04554343968629837
0.04737643152475357
0.049590036273002625
0.0385211706161499
0.04103156179189682
0.044305648654699326
0.043601375073194504
0.04035918042063713
0.04328491911292076
0.059759221971035004
0.04055275022983551
0.045050717890262604
0.046185702085494995
0.03936026617884636
0.04047481343150139
0.044665321707725525
0.06061640381813049
0.044246233999729156
0.04048871621489525
0.038062866777181625
0.036422792822122574
0.043819084763526917
0.042457640171051025
0.03426284343004227
0.04273463785648346
0.04425830766558647
0.042727671563625336
0.04630638659000397
0.03757141903042793
0.036825403571128845
0.060370177030563354
0.04339079186320305
0.03678007423877716
0.0400259830057621
0.038196761161088943
0.052611954510211945
0.03825583681464195
0.03744586557149887
0.04096435010433197
0.03858177363872528
0.042450495064258575
0.03776881843805313
0.03661260008811951
0.03849274665117264
0.043152641505002975
0.041496921330690384
0.04115426912903786
0.04442498832941055
0.046847641468048096
0.03882056847214699
0.042168647050857544
0.05342104285955429
0.04253178834915161
0.03503233939409256
0.04300506412982941
0.0404050387442112
0.04216912388801575
0.03958019241690636
0.05292786657810211
0.047260209918022156
0.0407932884991169
0.04120778292417526
0.04119035229086876
0.03803524747490883
0.03902728855609894
0.04993655905127525
0.04205022379755974
0.04319752752780914
0.039681874215602875
0.04360164329409599
0.03765397146344185
0.04052044078707695
0.06764494627714157
0.03900099918246269
0.03663257881999016
0.043622516095638275
0.041670061647892
0.03597217798233032
0.040847279131412506
0.06797879934310913
0.0387098491191864
0.04105662927031517
0.047604404389858246
0.039287276566028595
0.03843400627374649
0.03924145549535751
0.05618857964873314
0.03887539356946945
0.04838353395462036
0.04295150563120842
0.03698448836803436
0.03830855339765549
0.041050929576158524
0.03999115526676178
0.04330063983798027
0.041820671409368515
0.0378054641187191
0.04359028860926628
0.03825534135103226
0.039557084441185
0.04699422046542168
0.042379122227430344
0.03986325114965439
0.04056112468242645
0.041771478950977325
0.04222532734274864
0.043404705822467804
0.04302377253770828
0.04168003425002098
0.038920968770980835
0.04261205345392227
0.044683776795864105
0.03470940515398979
0.041611213237047195
0.05626365542411804
0.03574363887310028
0.0437365286052227
0.038232579827308655
0.04075053706765175
0.04538165032863617
0.04152442142367363
0.048551045358181
0.03729022294282913
0.04071972146630287
0.03947823494672775
0.03555925935506821
0.04256770759820938
0.04015050455927849
0.04287632927298546
0.04115309938788414
0.03445381671190262
0.035895925015211105
0.03775598108768463
0.036806896328926086
0.039784301072359085
0.05015943944454193
0.03971816226840019
0.047151125967502594
0.040641531348228455
0.03663688898086548
0.04175508767366409
0.036942992359399796
0.05017666146159172
0.03739078342914581
0.04590620845556259
0.04160156846046448
0.04073351249098778
0.04146089777350426
0.04425946995615959
0.058920249342918396
0.041951119899749756
0.03922700136899948
0.04102127254009247
0.037609733641147614
0.04084114357829094
0.038525670766830444
0.04703035578131676
0.041386254131793976
0.03559676557779312
0.04023289680480957
0.03663909435272217
0.038604699075222015
0.038570284843444824
0.060336388647556305
0.03829193487763405
0.04818747565150261
0.043956249952316284
0.037162795662879944
0.03974255919456482
0.03453570231795311
0.049152880907058716
0.0439944788813591
0.038302406668663025
0.03866294026374817
0.03718718886375427
0.03903622180223465
0.04038456827402115
0.05494948849081993
0.0387197807431221
0.04960720241069794
0.04084683209657669
0.04247743636369705
0.04093160107731819
0.0364917553961277
0.042875662446022034
0.03836078569293022
0.04048396646976471
0.03832367807626724
0.0380665548145771
0.0405878871679306
0.03605647385120392
0.05582587048411369
0.03528720140457153
0.0380113422870636
0.03837418556213379
0.039662908762693405
0.038185201585292816
0.037088681012392044
0.05853596329689026
0.03995908796787262
0.037728194147348404
0.03618605434894562
0.039034079760313034
0.041534945368766785
0.03575245290994644
0.09450024366378784
0.0407363623380661
0.04011226445436478
0.040122389793395996
0.03900976479053497
0.037540920078754425
0.04608776420354843
0.04690174013376236
0.04072810336947441
0.04331748187541962
0.03724854812026024
0.048535995185375214
0.03667234629392624
0.03878951817750931
0.0697755366563797
0.04325824975967407
0.03489841893315315
0.041573140770196915
0.04003098979592323
0.04473436623811722
0.04036039859056473
0.0398377925157547
0.03744187578558922
0.039830323308706284
0.03980410844087601
0.034984610974788666
0.03917667269706726
0.037442684173583984
0.0354093536734581
0.0461273193359375
0.036676205694675446
0.039869554340839386
0.03610358387231827
0.036013055592775345
0.038031723350286484
0.04779691621661186
0.03741506487131119
0.040237657725811005
0.04395417124032974
0.0360872820019722
0.0393095389008522
0.03699617087841034
0.0436372309923172
0.03585895150899887
0.03797348961234093
0.03706245869398117
0.04417950659990311
0.0403113067150116
0.03419628366827965
0.05116349458694458
0.038207944482564926
0.03711355850100517
0.03974549472332001
0.04025273770093918
0.03733109310269356
0.037863023579120636
0.0625605583190918
0.039667434990406036
0.033141739666461945
0.04190445691347122
0.04445292800664902
0.03998927026987076
0.039720285683870316
0.04395311698317528
0.03991413488984108
0.04214702174067497
0.04064474254846573
0.04232184588909149
0.034948088228702545
0.0357857383787632
0.04357682913541794
0.043459586799144745
0.040162526071071625
0.03598970174789429
0.034153956919908524
0.038053467869758606
0.040581412613391876
0.05540872737765312
0.03982025384902954
0.04352504760026932
0.038710057735443115
0.037877921015024185
0.038012728095054626
0.041167184710502625
0.051969073712825775
0.03928954899311066
0.0459434948861599
0.040292736142873764
0.04533284902572632
0.035543084144592285
0.03867826238274574
0.045038312673568726
0.04615209624171257
0.03720581531524658
0.04281245917081833
0.04160839319229126
0.03434697166085243
0.03741905093193054
0.048321433365345
0.04120104759931564
0.03905854374170303
0.03777877986431122
0.03422704339027405
0.03927460312843323
0.04317867010831833
0.04238371178507805
0.03463265672326088
0.035272520035505295
0.035627223551273346
0.04683347046375275
0.041418179869651794
0.04010884463787079
0.05056028813123703
0.04127027839422226
0.037027548998594284
0.03566260263323784
0.04332699626684189
0.03561979532241821
0.03793536126613617
0.05697149783372879
0.044321637600660324
0.03851894661784172
0.03899383544921875
0.03738643229007721
0.036987558007240295
0.03127928078174591
0.05262672156095505
0.043472349643707275
0.03402412682771683
0.042608849704265594
0.03975585103034973
0.03662630915641785
0.036387376487255096
0.06124133989214897
0.07821185886859894
0.054035644978284836
0.05207989737391472
0.04972193390130997
0.052575286477804184
0.044656481593847275
0.06134679913520813
0.04058696702122688
0.04294325038790703
0.04463338851928711
0.05059431493282318
0.04084222763776779
0.03846827149391174
0.07139897346496582
0.04798698052763939
0.040431909263134
0.03888552263379097
0.045631732791662216
0.045696839690208435
0.03956303000450134
0.0368698313832283
0.038406096398830414
0.035875096917152405
0.03647015243768692
0.03741048648953438
0.04230138286948204
0.03792889416217804
0.059902455657720566
0.038553591817617416
0.03808775171637535
0.03430858626961708
0.039936598390340805
0.040471334010362625
0.03748375549912453
0.0393088161945343
0.03826836124062538
0.03949766606092453
0.03567129001021385
0.03915105760097504
0.038402847945690155
0.04135272279381752
0.04307639226317406
0.03799160197377205
0.04409477859735489
0.04000901058316231
0.04411891847848892
0.043399568647146225
0.04790506511926651
0.053226374089717865
0.03868599608540535
0.04783125966787338
0.03950370103120804
0.034194715321063995
0.0402548648416996
0.04011009633541107
0.04092482849955559
0.03711050748825073
0.043451376259326935
0.03938695043325424
0.0430980883538723
0.043756987899541855
0.03791795298457146
0.04426683112978935
0.03735862672328949
0.040444184094667435
0.039273034781217575
0.036610834300518036
0.04179645702242851
0.03849130496382713
0.0446481928229332
0.03843032568693161
0.048761915415525436
0.03618352487683296
0.03624839708209038
0.03623444586992264
0.03710617497563362
0.04530675336718559
0.039998020976781845
0.03623843938112259
0.03807159885764122
0.035958632826805115
0.03651049733161926
0.037174664437770844
0.04551389068365097
0.040100857615470886
0.040115948766469955
0.03458721190690994
0.03530317172408104
0.03625714033842087
0.03943200409412384
0.048913147300481796
0.03658708184957504
0.03357652574777603
0.04000762477517128
0.03539908677339554
0.0382121205329895
0.0356522835791111
0.043268993496894836
0.03426171839237213
0.04045151174068451
0.03779643028974533
0.03971604257822037
0.04497842118144035
0.03301624953746796
0.047738440334796906
0.03950097784399986
0.03791432082653046
0.03891077637672424
0.034961625933647156
0.038787536323070526
0.03748226538300514
0.047761064022779465
0.03415270894765854
0.03678698092699051
0.04266459867358208
0.04092605039477348
0.034842465072870255
0.03785507380962372
0.04091256856918335
0.033354002982378006
0.03631197288632393
0.03982186317443848
0.03832494094967842
0.036435265094041824
0.03495272994041443
0.06181880459189415
0.04497072845697403
0.04198911041021347
0.040382325649261475
0.03929081931710243
0.03732169046998024
0.03676272928714752
0.05772425979375839
0.03810747340321541
0.0452575609087944
0.03781928867101669
0.041489724069833755
0.04046906903386116
0.03888069465756416
0.08474019169807434
0.04563739523291588
0.040675364434719086
0.04016030952334404
0.03958426043391228
0.038660354912281036
0.04012051224708557
0.05749635398387909
0.04179196059703827
0.04184926673769951
0.04331856593489647
0.04220661148428917
0.037474893033504486
0.04039399325847626
0.04316006600856781
0.042144760489463806
0.05181502550840378
0.04112403094768524
0.03768588602542877
0.0424576960504055
0.0393076166510582
0.044015657156705856
0.039212532341480255
0.037899576127529144
0.04284299165010452
0.038447536528110504
0.039348624646663666
0.03753440082073212
0.059826046228408813
0.04584459587931633
0.04591132700443268
0.03750201314687729
0.03767141327261925
0.04093668609857559
0.03460124135017395
0.051776885986328125
0.03923150897026062
0.04124698042869568
0.03522174805402756
0.039096228778362274
0.044773779809474945
0.03778392821550369
0.04516275227069855
0.040859486907720566
0.038888223469257355
0.03594830632209778
0.03739403188228607
0.033518675714731216
0.04375666379928589
0.043891098350286484
0.036341987550258636
0.040546171367168427
0.039387788623571396
0.04152649641036987
0.03660101071000099
0.03918476402759552
0.044076092541217804
0.03785945847630501
0.03818483650684357
0.045130979269742966
0.0400753952562809
0.033109426498413086
0.03878339007496834
0.04811645671725273
0.04225382208824158
0.036139313131570816
0.035817064344882965
0.03458612039685249
0.03912214934825897
0.0362558476626873
0.062279634177684784
0.03321029990911484
0.03937569260597229
0.03775063902139664
0.040268562734127045
0.03841860592365265
0.037987589836120605
0.04297533258795738
0.04278168827295303
0.037513479590415955
0.03315788507461548
0.040998853743076324
0.03695778548717499
0.03525729477405548
0.04604801535606384
0.0383593812584877
0.032636795192956924
0.03502660617232323
0.0387098491191864
0.037483103573322296
0.03679255023598671
0.054531410336494446
0.04318726807832718
0.03426400572061539
0.03207612782716751
0.04046842083334923
0.036354318261146545
0.035397354513406754
0.0415501669049263
0.04047549515962601
0.03941410034894943
0.036543432623147964
0.03465184196829796
0.03284488618373871
0.03346286341547966
0.04867970198392868
0.036418601870536804
0.046976737678050995
0.03915170207619667
0.03621368110179901
0.04082554206252098
0.03130132332444191
0.0512043796479702
0.03904976695775986
0.042263731360435486
0.041848015040159225
0.04430818185210228
0.03340981528162956
0.039350055158138275
0.0542648583650589
0.05443203076720238
0.03541908413171768
0.03747611120343208
0.04253353178501129
0.03727949410676956
0.042575906962156296
0.057937346398830414
