0.9039090871810913
0.8732630014419556
0.839052140712738
0.7893838882446289
0.8117086291313171
0.7568015456199646
0.6708964705467224
0.7090920805931091
0.7109725475311279
0.6731724739074707
0.6462264060974121
0.6435135006904602
0.6531387567520142
0.5823608040809631
0.5924168229103088
0.5785126686096191
0.5610297918319702
0.5703868269920349
0.5428627729415894
0.5305415391921997
0.505072832107544
0.4912852942943573
0.4897192716598511
0.4868892431259155
0.47204160690307617
0.4335998296737671
0.44367456436157227
0.43438857793807983
0.4177093505859375
0.4149613380432129
0.39879927039146423
0.39989835023880005
0.37863802909851074
0.36193525791168213
0.3703407943248749
0.32936570048332214
0.35335132479667664
0.33317089080810547
0.3325940668582916
0.33952128887176514
0.325216144323349
0.3340178430080414
0.3113282322883606
0.29770344495773315
0.2903097867965698
0.2882218062877655
0.2832411229610443
0.2729283273220062
0.2725725471973419
0.28188860416412354
0.27504464983940125
0.25914210081100464
0.2561984062194824
0.2481127381324768
0.24430762231349945
0.2586846947669983
0.23706713318824768
0.24071191251277924
0.23011678457260132
0.2260390967130661
0.22395765781402588
0.2209690511226654
0.24024330079555511
0.21916398406028748
0.22523820400238037
0.21043966710567474
0.21313045918941498
0.21035176515579224
0.20026615262031555
0.25427061319351196
0.20170697569847107
0.20018938183784485
0.19605350494384766
0.19202083349227905
0.2009807676076889
0.18843583762645721
0.2057991474866867
0.1806974709033966
0.19143539667129517
0.18857017159461975
0.1853327751159668
0.1794627159833908
0.17753486335277557
0.18581853806972504
0.17418065667152405
0.17259614169597626
0.17626558244228363
0.17787039279937744
0.1760978102684021
0.16872915625572205
0.1727077066898346
0.16461770236492157
0.1688711941242218
0.16056129336357117
0.16870790719985962
0.17505702376365662
0.16997790336608887
0.1828470230102539
0.15612751245498657
0.16205646097660065
0.16598092019557953
0.15472906827926636
0.1620860993862152
0.15522710978984833
0.16526970267295837
0.15495502948760986
0.14615166187286377
0.14748936891555786
0.15162049233913422
0.15338245034217834
0.14841678738594055
0.17143487930297852
0.1459876447916031
0.15117764472961426
0.14371603727340698
0.1493367850780487
0.1472075879573822
0.13876718282699585
0.1474393904209137
0.13204064965248108
0.15369221568107605
0.13907219469547272
0.14331859350204468
0.13766208291053772
0.13701370358467102
0.13842158019542694
0.1313968300819397
0.13937269151210785
0.1322893500328064
0.13242244720458984
0.15040916204452515
0.14970487356185913
0.14105209708213806
0.13020357489585876
0.1402956247329712
0.12894611060619354
0.14218321442604065
0.13231386244297028
0.12774039804935455
0.13696901500225067
0.12654566764831543
0.12515681982040405
0.136322021484375
0.11649644374847412
0.1336740255355835
0.12301848828792572
0.14523138105869293
0.12385594844818115
0.12432875484228134
0.11747931689023972
0.12975160777568817
0.1209472119808197
0.12227284163236618
0.13166609406471252
0.1269190013408661
0.12023380398750305
0.11878044903278351
0.11487628519535065
0.11490057408809662
0.12321688234806061
0.13972070813179016
0.12658189237117767
0.1228381097316742
0.11359506100416183
0.11385592073202133
0.11583330482244492
0.11486386507749557
0.1444246470928192
0.1165543720126152
0.1174732968211174
0.12959061563014984
0.1181575283408165
0.11320876330137253
0.10786545276641846
0.13999639451503754
0.11129447817802429
0.11842060089111328
0.1195940375328064
0.11964437365531921
0.11629943549633026
0.11419769376516342
0.13890525698661804
0.11439831554889679
0.11736409366130829
0.11455243080854416
0.12229584157466888
0.1101536750793457
0.1090705618262291
0.12006907910108566
0.09834658354520798
0.11971631646156311
0.10295485705137253
0.10504868626594543
0.10154938697814941
0.10613520443439484
0.15171609818935394
0.10826286673545837
0.10500221699476242
0.10886435955762863
0.09344496577978134
0.0973469465970993
0.11343946307897568
0.11872231960296631
0.09287334978580475
0.10489722341299057
0.0968388020992279
0.09675105661153793
0.10234153270721436
0.10089117288589478
0.11968711018562317
0.10126887261867523
0.10133393108844757
0.0971899926662445
0.09595140814781189
0.09387251734733582
0.09764617681503296
0.10937892645597458
0.09218378365039825
0.09073740243911743
0.08951020240783691
0.09930072724819183
0.10739806294441223
0.09872101992368698
0.10597701370716095
0.09552156925201416
0.08945885300636292
0.09378772228956223
0.09829171746969223
0.09396341443061829
0.09911321848630905
0.1040063202381134
0.0916878879070282
0.0895741879940033
0.08989565819501877
0.09247248619794846
0.09214431047439575
0.09686511009931564
0.11362950503826141
0.09709198772907257
0.09368639439344406
0.09651905298233032
0.09198661148548126
0.0904095321893692
0.08807473629713058
0.0938384160399437
0.08263429999351501
0.09351705759763718
0.0856238603591919
0.09396079182624817
0.09670054167509079
0.09823594987392426
0.1339806318283081
0.09650744497776031
0.09092338383197784
0.08681510388851166
0.09898310154676437
0.08948454260826111
0.08885420858860016
0.09289084374904633
0.08681570738554001
0.08773189038038254
0.08938190340995789
0.0834556519985199
0.08746331930160522
0.08762499690055847
0.0967433899641037
0.09474194049835205
0.08358295261859894
0.08786341547966003
0.0841357558965683
0.07775840908288956
0.08746713399887085
0.09550457447767258
0.08310908824205399
0.08808568120002747
0.08354391902685165
0.09034963697195053
0.0810864120721817
0.08528199791908264
0.08760161697864532
0.08946655690670013
0.08279836177825928
0.08056844770908356
0.09044690430164337
0.08131225407123566
0.07842870056629181
0.08773785829544067
0.08152414113283157
0.08503621816635132
0.07901641726493835
0.0845838114619255
0.08265276253223419
0.08087096363306046
0.0984298512339592
0.07931067049503326
0.0746186226606369
0.08265209943056107
0.07574887573719025
0.08186958730220795
0.08644422143697739
0.1054086834192276
0.08079689741134644
0.08645205199718475
0.08554065227508545
0.08214069902896881
0.07312475144863129
0.08703909814357758
0.09254753589630127
0.08067692816257477
0.08053186535835266
0.07332389056682587
0.09164118766784668
0.07693035900592804
0.07908155769109726
0.09621807932853699
0.07611551880836487
0.08763518184423447
0.08075173944234848
0.08307978510856628
0.07091604173183441
0.07122275233268738
0.1144796833395958
0.07881845533847809
0.0822359025478363
0.07387728244066238
0.08824583142995834
0.07784783840179443
0.07410037517547607
0.10580029338598251
0.07503043115139008
0.07695819437503815
0.07639791071414948
0.0792795941233635
0.07609491050243378
0.07512815296649933
0.09079455584287643
0.07443630695343018
0.07871735095977783
0.07205376029014587
0.07460993528366089
0.0702345222234726
0.0813734382390976
0.10082678496837616
0.07399362325668335
0.07303972542285919
0.07615101337432861
0.08004458248615265
0.07557283341884613
0.08111826330423355
0.09531974792480469
0.07043269276618958
0.07767650485038757
0.08230902254581451
0.07726642489433289
0.07644344866275787
0.07599279284477234
0.07460636645555496
0.07523191720247269
0.07096457481384277
0.07632403075695038
0.07134830951690674
0.07617145776748657
0.07328987866640091
0.1008739024400711
0.0742778480052948
0.07265856117010117
0.08456248044967651
0.07142087817192078
0.07141388952732086
0.07111144065856934
0.10341590642929077
0.07539544999599457
0.07967286556959152
0.08041518926620483
0.0733214020729065
0.07574865221977234
0.07772321999073029
0.08604108542203903
0.0736544281244278
0.07582003623247147
0.07236190885305405
0.06958772242069244
0.06912446022033691
0.07282133400440216
0.0818352997303009
0.07721542567014694
0.07909279316663742
0.07739432156085968
0.07410421222448349
0.07656516134738922
0.0741230845451355
0.06613568961620331
0.062101587653160095
0.07013361155986786
0.07048901915550232
0.06697038561105728
0.0756782591342926
0.06873960793018341
0.0983964130282402
0.07360120117664337
0.07111717760562897
0.07994373887777328
0.07317095994949341
0.0709666758775711
0.06842292845249176
0.08625046908855438
0.06785096228122711
0.07486789673566818
0.07466474920511246
0.0739416778087616
0.07146383076906204
0.0679570809006691
0.08480753004550934
0.0686674565076828
0.06978253275156021
0.07256494462490082
0.06916467845439911
0.06567661464214325
0.07582308351993561
0.11227913200855255
0.07818910479545593
0.07295770198106766
0.06745854020118713
0.07387466728687286
0.06539583951234818
0.06287612020969391
0.07197128981351852
0.06749271601438522
0.06513851135969162
0.06687873601913452
0.06519444286823273
0.06945667415857315
0.06275229156017303
0.07571160793304443
0.0629318505525589
0.07946199923753738
0.06730379164218903
0.06564869731664658
0.06782102584838867
0.06514176726341248
0.08021942526102066
0.08517422527074814
0.07319795340299606
0.07022423297166824
0.06131329387426376
0.06177995353937149
0.06805312633514404
0.10538367927074432
0.07064460217952728
0.06976158916950226
0.06527037918567657
0.06757345795631409
0.07146266102790833
0.06478464603424072
0.09217864274978638
0.06325901299715042
0.06483708322048187
0.07016554474830627
0.06093144416809082
0.0635613352060318
0.07481496036052704
0.11086802184581757
0.06602945923805237
0.07161323726177216
0.07041843235492706
0.06575748324394226
0.06777650862932205
0.06284716725349426
0.08715859055519104
0.07584479451179504
0.07029250264167786
0.06718677282333374
0.06252695620059967
0.061718907207250595
0.06087423488497734
0.14228063821792603
0.06947498023509979
0.06507536768913269
0.07199142873287201
0.06790871918201447
0.06438329070806503
0.071665458381176
0.07246717810630798
0.06317830085754395
0.06734956800937653
0.06099136918783188
0.06440185010433197
0.06279473006725311
0.06852813810110092
0.08479166030883789
0.06190281733870506
0.07111654430627823
0.06399443745613098
0.0639747828245163
0.06368967145681381
0.060423143208026886
0.08068680763244629
0.0764273852109909
0.06517624855041504
0.06235426664352417
0.06345149874687195
0.05649971216917038
0.06814998388290405
0.07710916548967361
0.0651475191116333
0.05996651202440262
0.06890685856342316
0.06465716660022736
0.05916435644030571
0.058234360069036484
0.08089178055524826
0.0749133750796318
0.05709404870867729
0.05977993831038475
0.07247650623321533
0.05776858329772949
0.06322081387042999
0.07327985018491745
0.05718743056058884
0.0615975521504879
0.06265164911746979
0.05847994610667229
0.06512241065502167
0.06133347749710083
0.08170412480831146
0.06009681150317192
0.06182821840047836
0.0643947422504425
0.06377522647380829
0.06199216470122337
0.0638873279094696
0.08834543079137802
0.06985360383987427
0.05696585774421692
0.062128424644470215
0.06429088115692139
0.06999655812978745
0.06607913970947266
0.06637217104434967
0.06817912310361862
0.0651230663061142
0.06292863190174103
0.057589855045080185
0.05843515321612358
0.061059918254613876
0.09744608402252197
0.05713413655757904
0.06775618344545364
0.06435330212116241
0.0592992901802063
0.06098368018865585
0.06766808778047562
0.07338325679302216
0.057144150137901306
0.059906743466854095
0.06577970087528229
0.07105644047260284
0.05979058891534805
0.06229320913553238
0.07650724053382874
0.0650261640548706
0.05428273230791092
0.056424178183078766
0.06347774714231491
0.06277084350585938
0.05985438823699951
0.07655484974384308
0.05890143662691116
0.05755849927663803
0.057707276195287704
0.058804672211408615
0.05643850192427635
0.058249738067388535
0.07410309463739395
0.06211825832724571
0.05807925760746002
0.057073529809713364
0.058120932430028915
0.061134710907936096
0.06322544068098068
0.07507797330617905
0.05560235306620598
0.06587465107440948
0.06494538486003876
0.058346688747406006
0.05510895699262619
0.05597599968314171
0.0828239768743515
0.058715831488370895
0.05834609270095825
0.061567336320877075
0.06374563276767731
0.05358007177710533
0.06277836859226227
0.12166053056716919
0.06755712628364563
0.05692562460899353
0.06044293940067291
0.06394102424383163
0.05952344089746475
0.05563255399465561
0.078200563788414
0.061525776982307434
0.05798555165529251
0.06350323557853699
0.05929459258913994
0.05955328047275543
0.059690531343221664
0.07114171981811523
0.053366877138614655
0.05873328447341919
0.05476409196853638
0.05690552294254303
0.055244266986846924
0.05845402926206589
0.12936384975910187
0.06598854064941406
0.06840082257986069
0.05599827691912651
0.06365354359149933
0.05879085510969162
0.05714448541402817
0.10203897953033447
0.05879748612642288
0.061845194548368454
0.07141535729169846
0.057656317949295044
0.05387524515390396
0.07595481723546982
0.08800885081291199
0.060801055282354355
0.05469028279185295
0.06532465666532516
0.06352463364601135
0.06189258024096489
0.07927493751049042
0.06485606729984283
0.05763199180364609
0.054167430847883224
0.060936324298381805
0.06752130389213562
0.055260028690099716
0.06045538932085037
0.09521545469760895
0.06047327071428299
0.0618487149477005
0.0591978058218956
0.058720435947179794
0.06052711606025696
0.06533189117908478
0.07680397480726242
0.0582292303442955
0.05424513667821884
0.056950028985738754
0.06843768060207367
0.05981385335326195
0.05919640511274338
0.1042490005493164
0.06517919898033142
0.06437842547893524
0.059459932148456573
0.06402356922626495
0.062255650758743286
0.059690505266189575
0.08739738166332245
0.05398739129304886
0.0736180990934372
0.06133134290575981
0.0569869801402092
0.055836863815784454
0.0616048127412796
0.08308243751525879
0.05763635039329529
0.058592088520526886
0.05583558604121208
0.053284674882888794
0.05579189956188202
0.05728030204772949
0.07696492969989777
0.05042487382888794
0.05311257392168045
0.05176558345556259
0.05733848363161087
0.05758857727050781
0.055391713976860046
0.08532127737998962
0.05385900288820267
0.05269680917263031
0.053393151611089706
0.057026829570531845
0.058512818068265915
0.057392098009586334
0.11179753392934799
0.055841900408267975
0.06092369183897972
0.05931248888373375
0.05674844980239868
0.05625453218817711
0.053894028067588806
0.11128498613834381
0.060259319841861725
0.05890917778015137
0.06222442910075188
0.058030061423778534
0.06611304730176926
0.053276803344488144
0.06912974268198013
0.056537844240665436
0.056511055678129196
0.05947781354188919
0.054220836609601974
0.0582718551158905
0.05190086364746094
0.07055097073316574
0.05832865834236145
0.055826470255851746
0.05834859237074852
0.052698444575071335
0.053662192076444626
0.07165306806564331
0.0740254819393158
0.05323689803481102
0.052043452858924866
0.05474112555384636
0.05364949256181717
0.05571012943983078
0.055318232625722885
0.08561286330223083
0.051262155175209045
0.05312473326921463
0.05262621492147446
0.05575722083449364
0.05836990475654602
0.05331772565841675
0.08213913440704346
0.05449393019080162
0.05216648429632187
0.05244226008653641
0.05564446747303009
0.05771931633353233
0.05296671390533447
0.11721432209014893
0.05531340837478638
0.05403050780296326
0.05179928243160248
0.06328163295984268
0.05679553002119064
0.055044449865818024
0.0643187016248703
0.05500706657767296
0.05107104033231735
0.06380482017993927
0.06320144981145859
0.05218919366598129
0.050582677125930786
0.12335094064474106
0.05851786583662033
0.06058046966791153
0.053760118782520294
0.05391944199800491
0.05546779930591583
0.06800626218318939
0.08552071452140808
0.05689914524555206
0.05037318915128708
0.05425673723220825
0.06125006079673767
0.060007449239492416
0.05168222635984421
0.07737641036510468
0.0482589416205883
0.05478880926966667
0.05899937078356743
0.05617193132638931
0.060630954802036285
0.05256132781505585
0.08325736224651337
0.051116012036800385
0.05764491856098175
0.057234026491642
0.0543183907866478
0.05570874735713005
0.05290612578392029
0.08357342332601547
0.05289885401725769
0.05293523520231247
0.054397888481616974
0.0549309104681015
0.06033831834793091
0.05637723207473755
0.07498769462108612
0.05974564701318741
0.058246202766895294
0.051917120814323425
0.05006368085741997
0.05333314090967178
0.055303193628787994
0.05190504714846611
0.05864541232585907
0.053090400993824005
0.05115043371915817
0.05557034909725189
0.05240413546562195
0.054953061044216156
0.06798309832811356
0.04971467703580856
0.051799874752759933
0.053803376853466034
0.05764521658420563
0.04940718412399292
0.046217210590839386
0.07349321246147156
0.04934772104024887
0.05224451422691345
0.05509009212255478
0.048641689121723175
0.04596877098083496
0.049876272678375244
0.08010151982307434
0.05045045167207718
0.055827122181653976
0.05602548271417618
0.05083365738391876
0.04930831119418144
0.05413919687271118
0.07055777311325073
0.04945012927055359
0.05675254017114639
0.0559375137090683
0.05222969502210617
0.06727159768342972
0.05345551297068596
0.07851693034172058
0.052312470972537994
0.061749812215566635
0.052661146968603134
0.04872025549411774
0.05008309707045555
0.048825427889823914
0.06659331917762756
0.05283677577972412
0.05346382409334183
0.04987875372171402
0.05630282685160637
0.05389438569545746
0.0513128899037838
0.07505922764539719
0.051743701100349426
0.06174810975790024
0.05885215848684311
0.0481368824839592
0.05472385138273239
0.04996024817228317
0.061176639050245285
0.05068766325712204
0.05395987257361412
0.06079450994729996
0.0500759556889534
0.050485726445913315
0.049552783370018005
0.06550128012895584
0.050106994807720184
0.05098540708422661
0.05424191802740097
0.051338519901037216
0.0582120344042778
0.05015977472066879
0.06969628483057022
0.05242034047842026
0.049128394573926926
0.0547248050570488
0.050129227340221405
0.05208636820316315
0.05248640105128288
0.06705310195684433
0.05715961754322052
0.049407653510570526
0.04692904278635979
0.051012393087148666
0.05015852302312851
0.049815863370895386
0.07293051481246948
0.05109792202711105
0.05286986753344536
0.05358203873038292
0.05237065255641937
0.0494297556579113
0.051026612520217896
0.06929180026054382
0.049856700003147125
0.05798248574137688
0.05654584988951683
0.04551999270915985
0.04856127128005028
0.052225515246391296
0.10032856464385986
0.051607392728328705
0.0730401799082756
0.05823805183172226
0.05671495199203491
0.05007133632898331
0.05217873305082321
0.05741755664348602
0.050274066627025604
0.0466361939907074
0.04939218983054161
0.05667562037706375
0.05537291616201401
0.054142341017723083
0.06530316174030304
0.04442603886127472
0.055491164326667786
0.04944869503378868
0.04832225292921066
0.0475085973739624
0.05757612735033035
0.06908155977725983
0.048799388110637665
0.05203273519873619
0.0518701896071434
0.05200425907969475
0.04995250329375267
0.050928354263305664
0.10896457731723785
0.05465361103415489
0.058381520211696625
0.05400592088699341
0.047292664647102356
0.05322977527976036
0.048407942056655884
0.07806914299726486
0.053670525550842285
0.05486191809177399
0.051952704787254333
0.05028253793716431
0.053441327065229416
0.06118359789252281
0.08997367322444916
0.04998914897441864
0.05921773239970207
0.04916992411017418
0.049650367349386215
0.05110105872154236
0.050101783126592636
0.0745629221200943
0.04784775897860527
0.056552156805992126
0.05106713995337486
0.05195314809679985
0.04914882034063339
0.05195401608943939
0.057735100388526917
0.05784682556986809
0.05348432809114456
0.04577748477458954
0.04666389524936676
0.04947049543261528
0.05046254023909569
0.06270639598369598
0.04692152887582779
0.0467684380710125
0.05987872928380966
0.0455913171172142
0.04481278359889984
0.0488191656768322
0.0655149519443512
0.04293639585375786
0.05002204701304436
0.048699747771024704
0.04670817777514458
0.04983728379011154
0.04745369404554367
0.08157095313072205
0.05327178165316582
0.052863217890262604
0.04415559396147728
0.0536501519382
0.045516788959503174
0.05454885959625244
0.06091819331049919
0.046466365456581116
0.04195171222090721
0.05460066348314285
0.05063476786017418
0.0520399808883667
0.056982457637786865
0.05486859008669853
0.04625074565410614
0.04860607534646988
0.04701255261898041
0.049798112362623215
0.04901444539427757
0.04641600698232651
0.057534366846084595
0.045572247356176376
0.049040742218494415
0.04653779789805412
0.05383249744772911
0.05086380988359451
0.047170814126729965
0.0769105777144432
0.04484466463327408
0.051098987460136414
0.054002366960048676
0.04974023997783661
0.04666207358241081
0.04973311349749565
0.06985824555158615
0.045624032616615295
0.05254826694726944
0.051703907549381256
0.04702629894018173
0.04644301161170006
0.047295890748500824
0.06488530337810516
0.044962525367736816
0.04450377821922302
0.045364610850811005
0.05136256664991379
0.049583133310079575
0.04773332178592682
0.06356881558895111
0.047091372311115265
0.046122580766677856
0.05059724301099777
0.045568984001874924
0.0465402826666832
0.04285834729671478
0.06466200202703476
0.04802917689085007
0.05029214173555374
0.04534805938601494
0.04503978043794632
0.05284777283668518
0.045048825442790985
0.06033117696642876
0.048337262123823166
0.056297581642866135
0.05140956863760948
0.04354299604892731
0.046663276851177216
0.0449754074215889
0.05348069220781326
0.0471460334956646
0.04322245344519615
0.05173313245177269
0.04361092299222946
0.04809701442718506
0.045168355107307434
0.061681173741817474
0.047664087265729904
0.04593842849135399
0.04558531194925308
0.04912564158439636
0.04575026035308838
0.04602518677711487
0.07003290206193924
0.04641497880220413
0.043960340321063995
0.04490894824266434
0.046845532953739166
0.04929479956626892
0.04637919366359711
0.083175428211689
0.049415528774261475
0.05003489553928375
0.048323988914489746
0.05111164599657059
0.049198493361473083
0.04632561653852463
0.05827106162905693
0.04639550670981407
0.043218329548835754
0.04606155306100845
0.04687228798866272
0.0475434735417366
0.046006377786397934
0.07901377975940704
0.04971405118703842
0.046227943152189255
0.046603381633758545
0.05235825479030609
0.05160253867506981
0.04838370904326439
0.07828143984079361
0.04713815450668335
0.0437358133494854
0.04536864161491394
0.04328916594386101
0.053962282836437225
0.0445280522108078
0.07728246599435806
0.047118257731199265
0.04637260362505913
0.06113877892494202
0.04512728750705719
0.053999658674001694
0.0442718043923378
0.06690837442874908
0.04828875884413719
0.044336557388305664
0.048386406153440475
0.045854341238737106
0.04919677972793579
0.04215998947620392
0.05220761522650719
0.051569174975156784
0.04723125696182251
0.048201750963926315
0.045926548540592194
0.04647011682391167
0.04376595467329025
0.05705367028713226
0.04438728839159012
0.055386733263731
0.04815515875816345
0.0527990385890007
0.04883112013339996
0.04294558987021446
0.05081815645098686
0.04824073240160942
0.041262853890657425
0.04877886176109314
0.047704532742500305
0.044871315360069275
0.04459057375788689
0.05624687671661377
0.04640606790781021
0.0452895425260067
0.047237034887075424
0.04437720403075218
0.04735919460654259
0.046172600239515305
0.0534711591899395
0.04280996322631836
0.05461293086409569
0.04638764262199402
0.044565267860889435
0.04863226041197777
0.04636615514755249
0.06215856969356537
0.04461834952235222
0.050454944372177124
0.0437484011054039
0.04513266310095787
0.04656870663166046
0.05084456130862236
0.09019118547439575
0.05009903013706207
0.05387892946600914
0.0486200712621212
0.04695824533700943
0.04884345456957817
0.050630122423172
0.06295032799243927
0.04432634636759758
0.04511371999979019
0.0461437925696373
0.048073723912239075
0.04582004249095917
0.046225037425756454
0.0557062029838562
0.04663846641778946
0.046076446771621704
0.04546293616294861
0.042876169085502625
0.0426211878657341
0.044937506318092346
0.05313697084784508
0.04344422370195389
0.0429159514605999
0.04633341357111931
0.045204780995845795
0.042822565883398056
0.04631296545267105
0.09952279180288315
0.05061712861061096
0.051197610795497894
0.05728062614798546
0.04976147040724754
0.048828125
0.04334923252463341
0.05985688790678978
0.04739711433649063
0.04861924797296524
0.04979608952999115
0.04273534566164017
0.04508848488330841
0.04610385000705719
0.07995229959487915
0.04578041285276413
0.04827627167105675
0.06152435764670372
0.05986565351486206
0.04894474148750305
0.04671807214617729
0.05054575204849243
0.04645967483520508
0.05322028696537018
0.05239516496658325
0.046550169587135315
0.044359710067510605
0.039958707988262177
0.05649016797542572
0.043637510389089584
0.046630796045064926
0.04708356410264969
0.04191131144762039
0.04584444314241409
0.04342953860759735
0.06849326193332672
0.04416514188051224
0.04607728123664856
0.04459360986948013
0.04689889773726463
0.04691771790385246
0.04090523719787598
0.054826319217681885
0.046070244163274765
0.049341268837451935
0.045231595635414124
0.04798373579978943
0.04281473904848099
0.0424371063709259
0.05667485296726227
0.042457252740859985
0.04644180089235306
0.05940018221735954
0.04405605047941208
0.04335121810436249
0.04466390609741211
0.04927074536681175
0.0394495353102684
0.05185019597411156
0.04155571386218071
0.04633725434541702
0.04345450550317764
0.04351932927966118
0.05236215889453888
0.04147384315729141
0.042041413486003876
0.04978705942630768
0.04651734232902527
0.04673762619495392
0.043203067034482956
0.04763450473546982
0.042006418108940125
0.04008213430643082
0.040614161640405655
0.04739978164434433
0.05016418546438217
0.04612649604678154
0.07935445010662079
0.0503271222114563
0.043048691004514694
0.04800502210855484
0.0446598194539547
0.045072879642248154
0.045376505702733994
0.05982668325304985
0.05082019791007042
0.04725281894207001
0.04768894612789154
0.045389607548713684
0.039870116859674454
0.047752395272254944
0.0711907297372818
0.045808807015419006
0.04812980443239212
0.04462423548102379
0.04626357555389404
0.04080800712108612
0.04903740435838699
0.06989139318466187
0.051981158554553986
0.04413112998008728
0.041935499757528305
0.05169004946947098
0.04395417496562004
0.04109286889433861
0.07645238935947418
0.05117115378379822
0.0501556396484375
0.04385179281234741
0.04246404021978378
0.05170305073261261
0.045098837465047836
0.06593143194913864
0.04509551450610161
0.041105933487415314
0.04573207348585129
0.046909332275390625
0.047143351286649704
0.0432746559381485
0.051174115389585495
0.04673107713460922
0.040467776358127594
0.048305805772542953
0.04151945933699608
0.048292942345142365
0.04529843479394913
0.0558735691010952
0.041000235825777054
0.04049566015601158
0.04298524186015129
0.04754098504781723
0.04331438988447189
0.042853161692619324
0.060624103993177414
0.04489372298121452
0.04283878207206726
0.04225026071071625
0.04263893514871597
0.040690913796424866
0.04205792769789696
0.06919503211975098
0.03801319748163223
0.043408527970314026
0.041722461581230164
0.04768872261047363
0.04835764691233635
0.043113723397254944
0.09950292110443115
0.047185055911540985
0.047020092606544495
0.04896806925535202
0.05016884207725525
0.04618842527270317
0.045345887541770935
0.056109488010406494
0.05132199823856354
0.05138692259788513
0.04288176819682121
0.04541068524122238
0.043670542538166046
0.04397226497530937
0.06273126602172852
0.047597672790288925
0.04579296335577965
0.04492524266242981
0.044862017035484314
0.042367443442344666
0.042222630232572556
0.061194971203804016
0.043218404054641724
0.04238073527812958
0.044082820415496826
0.0411614254117012
0.043680187314748764
0.04140093922615051
0.049961548298597336
0.04135594889521599
0.04190398007631302
0.04212729632854462
0.03760933130979538
0.03987852483987808
0.04408857971429825
0.08644276112318039
0.044624850153923035
0.04529450461268425
0.04371247813105583
0.048138298094272614
0.04309661686420441
0.0447930172085762
0.06790173798799515
0.04227074608206749
0.05129208415746689
0.04875050485134125
0.04737639054656029
0.0447094701230526
0.04982784017920494
0.055685169994831085
0.04377976059913635
0.043414413928985596
0.042621713131666183
0.04227013140916824
0.0427418015897274
0.0473199263215065
0.07274119555950165
0.04283527284860611
0.046529605984687805
0.04562857747077942
0.04064144194126129
0.04264324903488159
0.04197971150279045
0.06958911567926407
0.051606275141239166
0.04974585399031639
0.0456559918820858
0.04423481971025467
0.04092831164598465
0.047416724264621735
0.053354136645793915
0.04065021127462387
0.04378335177898407
0.04444333538413048
0.04149918258190155
0.045243870466947556
0.03923938423395157
0.05443733185529709
0.042412471026182175
0.04235724359750748
0.04039790853857994
0.045102789998054504
0.03985053300857544
0.04364384710788727
0.07049067318439484
0.046029724180698395
0.04207836091518402
0.04660426825284958
0.04172874987125397
0.042758964002132416
0.04397651553153992
0.060925841331481934
0.039860911667346954
0.0421602725982666
0.048396751284599304
0.04985644668340683
0.04310164973139763
0.04405718669295311
0.06191125512123108
0.04348137602210045
0.04455014318227768
0.04095210134983063
0.0424916110932827
0.0465998500585556
0.04627477377653122
0.05524075776338577
0.04324374347925186
0.04970604181289673
0.041327860206365585
0.04320521280169487
0.0471571646630764
0.044348813593387604
0.084856316447258
0.04520507901906967
0.05182716250419617
0.042192600667476654
0.0426701158285141
0.0471496656537056
0.046001579612493515
0.05691052973270416
0.04402754828333855
0.046587422490119934
0.03968826308846474
0.04616802558302879
0.04157370328903198
0.041811492294073105
0.06904363632202148
0.041145384311676025
0.042984750121831894
0.0407269224524498
0.04311203211545944
0.04181283339858055
0.04172492027282715
0.11732105910778046
0.04802384227514267
0.04682319983839989
0.0473206602036953
0.04325404018163681
0.05185982584953308
0.043886058032512665
0.049114733934402466
0.04476366192102432
0.041012998670339584
0.046236708760261536
0.04200315102934837
0.04550125449895859
0.042438603937625885
0.06705819070339203
0.04190770909190178
0.041218101978302
0.04737095534801483
0.047200292348861694
0.038655608892440796
0.04263649135828018
0.055315010249614716
0.04782429337501526
0.04064280912280083
0.03932603448629379
0.04308422654867172
0.04264649376273155
0.04036860913038254
0.05038060247898102
0.042913518846035004
0.043734654784202576
0.040260568261146545
0.04409272223711014
0.03996169567108154
0.038497693836688995
0.05950312316417694
0.04138203337788582
0.04650547355413437
0.043375127017498016
0.04493917152285576
0.04629568010568619
0.04055725038051605
0.05892251059412956
0.043274473398923874
0.04206779599189758
0.04383133351802826
0.04385990649461746
0.04223125800490379
0.03847134858369827
0.059393417090177536
0.039629239588975906
0.04572153091430664
0.04559862241148949
0.03967401757836342
0.041204310953617096
0.04159602150321007
0.05144556611776352
0.039580415934324265
0.04214159771800041
0.04575368016958237
0.03848293423652649
0.039737846702337265
0.04236109182238579
0.04728717356920242
0.0431264266371727
0.039810601621866226
0.042016830295324326
0.04380319267511368
0.03880632668733597
0.04269843548536301
0.0636773407459259
0.04265082627534866
0.04269413277506828
0.04614204168319702
0.038984786719083786
0.05360320210456848
0.04585181176662445
0.05727626010775566
0.04497352987527847
0.03968406468629837
0.04264013469219208
0.04105132818222046
0.0463981032371521
0.040642887353897095
0.06270301342010498
0.045174382627010345
0.04068542271852493
0.04072514921426773
0.04196212813258171
0.0425405353307724
0.045427169650793076
0.0548086017370224
0.039021238684654236
0.0403854064643383
0.03927392512559891
0.04331279546022415
0.042489178478717804
0.03846617043018341
0.05581203103065491
0.03769340366125107
0.04947727918624878
0.04129917919635773
0.04035189002752304
0.038354601711034775
0.04034045711159706
0.06387005746364594
0.041288625448942184
0.04053547978401184
0.0366620235145092
0.04032479226589203
0.0427611768245697
0.04533810541033745
0.12609387934207916
0.051039960235357285
0.05688033998012543
0.04907813295722008
0.046571679413318634
0.04158157482743263
0.05231262743473053
0.0585034154355526
0.04167833551764488
0.04134052246809006
0.04169537127017975
0.04180041700601578
0.04816106706857681
0.04344332963228226
0.060019657015800476
0.03983668237924576
0.04368513450026512
0.04349832981824875
0.05028226971626282
0.04570040851831436
0.03825908899307251
0.05271218717098236
0.0431368313729763
0.041249170899391174
0.03920784592628479
0.04538656026124954
0.04876266419887543
0.045918308198451996
0.055124618113040924
0.044946517795324326
0.038938894867897034
0.04270395264029503
0.046313755214214325
0.041491128504276276
0.045862048864364624
0.05568384379148483
0.045132093131542206
0.04285503178834915
0.039799317717552185
0.04031585156917572
0.04188093543052673
0.0380903035402298
0.052181731909513474
0.04254547506570816
0.0408475399017334
0.040135469287633896
0.04568071663379669
0.03951893001794815
0.04013664275407791
0.051958274096250534
0.04264261573553085
0.03899138420820236
0.04047967866063118
0.038245249539613724
0.04173886403441429
0.03938142955303192
0.05908888578414917
0.04568016529083252
0.04035243019461632
0.03742548078298569
0.037113338708877563
0.04156339541077614
0.0404210165143013
0.05060140788555145
0.03936013951897621
0.03888993337750435
0.041079748421907425
0.03950098901987076
0.03903631120920181
0.04179590567946434
0.053861573338508606
0.03911079838871956
0.04112734645605087
0.04789314419031143
0.039976075291633606
0.04926905035972595
0.035975392907857895
0.05473559349775314
0.04287558048963547
0.04080325365066528
0.03628828376531601
0.03780911862850189
0.03975404426455498
0.04079747572541237
0.050522007048130035
0.039069272577762604
0.0402815043926239
0.03897872567176819
0.03880680352449417
0.040280699729919434
0.03999747335910797
0.07048895955085754
0.03878036141395569
0.042772695422172546
0.03979405760765076
0.038637675344944
0.039246343076229095
0.042350929230451584
0.06431607156991959
0.03736353665590286
0.04416010528802872
0.04137657955288887
0.04205247759819031
0.04252289980649948
0.04294930398464203
0.06587841361761093
0.0475909486413002
0.03853660449385643
0.0399216003715992
0.04241563379764557
0.04198215901851654
0.039122793823480606
0.05972106382250786
0.04037361592054367
0.039082445204257965
0.038954220712184906
0.03798012435436249
0.038293179124593735
0.04257069528102875
0.04900545999407768
0.04302911460399628
0.04473608359694481
0.040117520838975906
0.040635645389556885
0.043323129415512085
0.03786764293909073
0.05097929388284683
0.038318078964948654
0.04597258195281029
0.04142981767654419
0.04121284559369087
0.04082066938281059
0.03537964075803757
0.05157842859625816
0.042768485844135284
0.040251024067401886
0.042699046432971954
0.04021129757165909
0.039626847952604294
0.036336563527584076
0.04368981346487999
0.046367958188056946
0.03854328766465187
0.037748344242572784
0.03714878112077713
0.03607119619846344
0.03901863098144531
0.049129582941532135
0.04010261595249176
0.04581650719046593
0.03921147808432579
0.03937197104096413
0.04349690303206444
0.042835406959056854
0.0461488775908947
0.038561441004276276
0.043418146669864655
0.03768504410982132
0.035578079521656036
0.038207657635211945
0.0385262630879879
0.06477895379066467
0.03661051392555237
0.04247475415468216
0.04004819691181183
0.03947582468390465
0.043711528182029724
0.045260682702064514
0.0464005172252655
0.03838806226849556
0.035190410912036896
0.0417771115899086
0.03889098018407822
0.03635462373495102
0.04531174153089523
0.04782992601394653
0.039073288440704346
0.03853515908122063
0.03987476974725723
0.03483662009239197
0.04275347292423248
0.038339052349328995
0.09065309166908264
0.036405615508556366
0.04327108711004257
0.043046530336141586
0.042279358953237534
0.040264569222927094
0.038811326026916504
0.0590694360435009
0.039076484739780426
0.03918718174099922
0.04102109372615814
0.04600897431373596
0.04252469539642334
0.038704562932252884
0.04926968738436699
0.0353609062731266
0.03975006937980652
0.042326636612415314
0.03545680269598961
0.04479594528675079
0.04209686443209648
0.08262123167514801
0.03815006464719772
0.04289209842681885
0.043209195137023926
0.04220110923051834
0.03723950684070587
0.03822904825210571
0.04573150724172592
0.04365474730730057
0.04360870644450188
0.044771306216716766
0.04462176561355591
0.03793135657906532
0.03658433258533478
0.06015719473361969
0.043487515300512314
0.05467827618122101
0.04413139820098877
0.040450505912303925
0.039518386125564575
0.03532711789011955
0.05665195733308792
0.04170043766498566
0.03921443596482277
0.041036829352378845
0.044986542314291
0.04225040599703789
0.03833702206611633
0.056223269551992416
0.043898098170757294
0.04373032972216606
0.03822692483663559
0.04162340611219406
0.040273938328027725
0.03720562532544136
0.0669361874461174
0.03683074936270714
0.040916554629802704
0.03739233687520027
0.04171698912978172
0.03983044624328613
0.03660155460238457
0.06293949484825134
0.045668866485357285
0.03530329465866089
0.039529018104076385
0.036669597029685974
0.039804451167583466
0.04042583331465721
0.08919763565063477
0.042766667902469635
0.04321357235312462
0.047878749668598175
0.044263243675231934
0.04220758378505707
0.0411430262029171
0.048471853137016296
0.03744584321975708
0.0413401760160923
0.041035957634449005
0.03912798687815666
0.03829815611243248
0.03925865516066551
0.06337101757526398
0.03912430256605148
0.041441984474658966
0.042038992047309875
0.03847877308726311
0.03779572993516922
0.04151156544685364
0.09305550903081894
0.03987087309360504
0.038682278245687485
0.03875286504626274
0.040793050080537796
0.03943350911140442
0.044280391186475754
0.07163333892822266
0.041256777942180634
0.04936302825808525
0.039211705327034
0.040089741349220276
0.0394747219979763
0.039467670023441315
0.05204029008746147
0.0428425632417202
0.04004225134849548
0.03870004415512085
0.042947277426719666
0.03974886238574982
0.0411415621638298
0.06135092303156853
0.04172462224960327
0.03970324620604515
0.042429011315107346
0.03957454115152359
0.038539182394742966
0.03993770480155945
0.04284058138728142
0.042943522334098816
0.03859271854162216
0.04421059042215347
0.039974309504032135
0.035538267344236374
0.03828408569097519
0.06291492283344269
0.04647236689925194
0.04071798920631409
0.03991106152534485
0.03659367188811302
0.03616714105010033
0.03818667680025101
0.04992339015007019
0.036935754120349884
0.03790167719125748
0.03841272369027138
0.03474372252821922
0.043208371847867966
0.04127312824130058
0.04666588827967644
0.04002845287322998
0.0406329371035099
0.039888009428977966
0.03619251400232315
0.041756197810173035
0.04080694913864136
0.05425246059894562
0.03889508545398712
0.040684912353754044
0.038741741329431534
0.037180036306381226
0.036703068763017654
0.03772800788283348
0.048517391085624695
0.03848778456449509
0.03459689021110535
0.03313741087913513
0.037644870579242706
0.0419333279132843
0.04335828125476837
0.04941871762275696
0.036810845136642456
0.04185749590396881
0.035882581025362015
0.03988826647400856
0.038746293634176254
0.0417681448161602
0.05531986802816391
0.040354762226343155
0.037608154118061066
0.036618299782276154
0.03309887647628784
0.03910227119922638
0.0466504767537117
0.04778153821825981
0.03897089138627052
0.038195230066776276
0.036423858255147934
0.036254871636629105
0.04661773145198822
0.03802840784192085
0.05148984119296074
0.03632169961929321
0.040489111095666885
0.034755341708660126
0.04087384045124054
0.04033253341913223
0.039549797773361206
0.05211862921714783
0.03622603043913841
0.04246639460325241
0.039786845445632935
0.03852648288011551
0.03444741293787956
0.03826999291777611
0.04482276365160942
0.036242563277482986
0.038553688675165176
0.03813362494111061
0.03995383530855179
0.036086782813072205
0.036873623728752136
0.06451935321092606
0.041823528707027435
0.036499883979558945
0.03946268558502197
0.03942469134926796
0.04013232886791229
0.03981845825910568
0.051204703748226166
0.03926759213209152
0.03663655370473862
0.041643209755420685
0.035833798348903656
0.03753349184989929
0.037465646862983704
0.06570442020893097
0.040223076939582825
0.04519125819206238
0.040482595562934875
0.04272342845797539
0.03952081874012947
0.03694494068622589
0.043431103229522705
0.036601193249225616
0.039043035358190536
0.041877709329128265
0.03617915138602257
0.0401485413312912
0.03724418580532074
0.050164978951215744
0.03965349495410919
0.036053430289030075
0.04089057818055153
0.03541771322488785
0.03859362751245499
0.03685655817389488
0.05463167652487755
0.03893417865037918
0.038142286241054535
0.039500728249549866
0.03804299980401993
0.04029512777924538
0.035357460379600525
0.06411837786436081
0.035232238471508026
0.042847536504268646
0.03840838745236397
0.037080228328704834
0.03710256516933441
0.034036580473184586
0.049305640161037445
0.03801073879003525
0.03770372271537781
0.037302471697330475
0.03712603822350502
0.03736075013875961
0.036925941705703735
0.05196733400225639
0.03767414391040802
0.038346316665410995
0.040715884417295456
0.03945707157254219
0.03961837291717529
0.03790801391005516
0.05950253829360008
0.035341788083314896
0.03939032554626465
0.03678351268172264
0.03885814547538757
0.03505559265613556
0.039380673319101334
0.05599045380949974
0.03723854944109917
0.03851160779595375
0.036357201635837555
0.03741986304521561
0.037357546389102936
0.035461246967315674
0.047126755118370056
0.03858571499586105
0.04133988171815872
0.03777988627552986
0.040914155542850494
0.0334881916642189
0.03456900268793106
0.04345545917749405
0.036312285810709
0.03766222670674324
0.03525267541408539
0.03956368565559387
0.036537665873765945
0.03484875336289406
0.04542199894785881
0.03623595088720322
0.03574471175670624
0.04013366997241974
0.03780953213572502
0.03950686380267143
0.03725818544626236
0.04590816795825958
0.044261034578084946
0.03421809524297714
0.039445098489522934
0.04241570830345154
0.033610034734010696
0.037096891552209854
0.04217518866062164
0.03775391727685928
0.0434042289853096
0.03463393449783325
0.035429105162620544
0.03551242873072624
0.03687690198421478
0.05226593464612961
0.03885294497013092
0.047430723905563354
0.0358571819961071
0.037035513669252396
0.037087228149175644
0.036069951951503754
0.05548856407403946
0.037605080753564835
0.03780679777264595
0.038447305560112
0.038597069680690765
0.034829214215278625
0.038236577063798904
0.06044758856296539
0.03875826299190521
0.03930734843015671
0.0382765531539917
0.037461232393980026
0.03947041928768158
0.03974171727895737
0.060533713549375534
0.038725778460502625
0.0431794598698616
0.0387926921248436
0.03688563033938408
0.036803290247917175
0.03771946579217911
0.03833248093724251
0.035132136195898056
0.03936523199081421
0.037949949502944946
0.04043465852737427
0.03566862270236015
0.0379759818315506
0.04786422848701477
0.03707809001207352
0.035797666758298874
0.037971463054418564
0.03776571899652481
0.039760008454322815
0.037360530346632004
0.04746604710817337
0.036526091396808624
0.03636588901281357
0.039043448865413666
0.03718150407075882
0.03840090334415436
0.036148786544799805
0.04675335809588432
0.0366191565990448
0.0345907062292099
0.03463096171617508
0.038970448076725006
0.038013968616724014
0.03398270532488823
0.05651698634028435
0.03930952027440071
0.037280261516571045
0.04081237316131592
0.03638676553964615
0.041847869753837585
0.04178566485643387
0.045926086604595184
0.040555600076913834
0.03836050629615784
0.04095618799328804
0.04134687781333923
0.03949861228466034
0.035672158002853394
0.04207810014486313
0.034828878939151764
0.037470318377017975
0.03323332220315933
0.036243557929992676
0.039468422532081604
0.03531613200902939
0.04945901036262512
0.044158365577459335
0.03481217473745346
0.03591618686914444
0.035307399928569794
0.03319329023361206
0.03349252790212631
0.07284840941429138
0.04036393016576767
0.040126509964466095
0.04505545645952225
0.03892496973276138
0.03490520268678665
0.03700080141425133
0.061478421092033386
0.04397094249725342
0.03878317028284073
0.04147280007600784
0.03822777420282364
0.040816716849803925
0.03389237821102142
0.05503863841295242
0.04265521466732025
0.03913987800478935
0.03826877474784851
0.03604479506611824
0.036702148616313934
0.03519146144390106
0.05308523774147034
0.03630935400724411
0.03731534630060196
0.03625635430216789
0.03928564488887787
0.03641987219452858
0.037598855793476105
0.04275494068861008
0.0398578979074955
0.035348743200302124
0.04097999632358551
0.03663400560617447
0.03329210728406906
0.03255506604909897
0.045799292623996735
0.03320483863353729
0.04065299406647682
0.03957626223564148
0.034392133355140686
0.03184852749109268
0.035111576318740845
0.0486890971660614
0.03638601303100586
0.03660966828465462
0.04059167206287384
0.03691205754876137
0.034642551094293594
0.035435207188129425
0.0567297600209713
0.04255852848291397
0.038807205855846405
0.038814395666122437
0.034257665276527405
0.03277546912431717
0.03353147208690643
0.05947468802332878
0.037172626703977585
0.03402151167392731
0.0384589321911335
0.03616371750831604
0.03625086322426796
0.033951908349990845
0.04557235166430473
0.0375506654381752
0.035764895379543304
0.037076517939567566
0.038255345076322556
0.03166039288043976
0.03161207586526871
0.03983220458030701
0.03359859064221382
0.038499996066093445
0.03488264977931976
0.03917074576020241
0.03348653018474579
0.033406857401132584
0.03632789105176926
0.03536710888147354
0.03847760334610939
0.03582095354795456
0.040059491991996765
0.036409616470336914
0.03653549402952194
0.05563771352171898
0.03357817977666855
0.03630756214261055
0.03666508197784424
0.03516562655568123
0.04470661282539368
0.035144511610269547
0.05250844359397888
0.035318829119205475
0.03481660783290863
0.03557445853948593
0.03618284687399864
0.0366852730512619
0.03583861142396927
0.04947292432188988
0.03766639530658722
0.03605414181947708
0.03538113087415695
0.03342236578464508
0.03848188742995262
0.03550700843334198
0.05707473307847977
0.041341204196214676
0.03657186031341553
0.035620033740997314
0.03969212621450424
0.040706194937229156
0.03101988509297371
0.05495583638548851
0.05112854763865471
0.03446582704782486
0.04064284265041351
0.04174888879060745
0.03722153604030609
0.04102890565991402
0.045559823513031006
0.03580606356263161
0.034340232610702515
0.032619036734104156
0.0416259728372097
0.03727683797478676
0.036532532423734665
0.041513990610837936
0.03804392367601395
0.03976629301905632
0.03521028906106949
0.03265240043401718
0.034185416996479034
0.036086197942495346
0.04031028971076012
0.039102703332901
0.03642386198043823
0.03277358412742615
0.034153103828430176
0.0319242849946022
0.035064324736595154
0.06367984414100647
0.03715485334396362
0.038932785391807556
0.036904629319906235
0.0386359766125679
0.03520295396447182
0.03200288861989975
0.05964910611510277
0.03358273580670357
0.03395894169807434
0.035973161458969116
0.03623586893081665
0.040567003190517426
0.03474785387516022
0.06311069428920746
0.040744051337242126
0.04947613179683685
0.03641227260231972
0.039998941123485565
0.033998243510723114
0.035277850925922394
0.04246791452169418
0.03716085106134415
0.03287282958626747
0.0364103727042675
0.0375099740922451
0.033357031643390656
0.03875737637281418
0.048016853630542755
0.036276571452617645
0.0350843220949173
0.03738489747047424
0.040847260504961014
0.032640475779771805
0.0392584428191185
0.0459476113319397
0.03858371451497078
0.037386976182460785
0.03974580392241478
0.03848502039909363
0.033979762345552444
0.033047061413526535
0.06273475289344788
0.04168671369552612
0.036421146243810654
0.03484189882874489
0.03494679927825928
0.03590366244316101
0.03508038818836212
0.04666946083307266
0.03539352864027023
0.034193649888038635
0.03516356647014618
0.035214558243751526
0.037538666278123856
0.03659280762076378
0.05733270198106766
0.03229495882987976
0.0374729186296463
0.03726368770003319
0.035733118653297424
0.03644043952226639
0.03666678071022034
0.05140988528728485
0.03505774587392807
0.04030930623412132
0.03447381407022476
0.04089033603668213
0.04069735109806061
0.035368502140045166
0.04580460488796234
0.04226212948560715
0.03712498024106026
0.038304202258586884
0.034696564078330994
0.034715838730335236
0.033728890120983124
0.043181147426366806
0.03417202830314636
0.034057147800922394
0.0376645028591156
0.034316979348659515
0.031221192330121994
0.03586427867412567
0.04062161222100258
0.034771278500556946
0.0348983034491539
0.03220286965370178
0.034931160509586334
0.043772246688604355
0.03177140653133392
0.04997098073363304
0.035919249057769775
0.03748109191656113
0.0393856018781662
0.03417632728815079
0.03557866811752319
0.03554070368409157
0.05564417690038681
0.03922179341316223
0.037077777087688446
0.03531743958592415
0.034595854580402374
0.03493110090494156
0.03636050596833229
0.05573154240846634
0.03711112216114998
0.03433471918106079
0.036202579736709595
0.03476565331220627
0.035101328045129776
0.0334097184240818
0.04123510420322418
0.0385628305375576
0.03516525402665138
0.033231861889362335
0.03906932473182678
0.033848837018013
0.035185109823942184
0.06290555000305176
0.041559040546417236
0.034901976585388184
0.04287881404161453
0.03964592143893242
0.035929352045059204
0.03433065861463547
0.04180512949824333
0.036066070199012756
0.040910087525844574
0.0376107282936573
0.03764605522155762
0.03193742781877518
0.03530676290392876
0.04641275107860565
0.03725095093250275
0.03482072055339813
0.034042779356241226
0.035662226378917694
0.03531553968787193
0.03444163501262665
0.03921639546751976
0.035735733807086945
0.03577883541584015
0.034406162798404694
0.03933453559875488
0.029341984540224075
0.034673839807510376
0.03743266314268112
0.03047669306397438
0.03787108510732651
0.03588397800922394
0.03723292797803879
0.03421650826931
0.036630913615226746
0.042776286602020264
0.03646254539489746
0.03567668795585632
0.03726586326956749
0.033604614436626434
0.03338198363780975
0.03709566593170166
0.040104277431964874
0.03181048482656479
0.03585095703601837
0.03193247318267822
0.03758768364787102
0.03270087391138077
0.03244573250412941
0.04991110786795616
0.03363185375928879
0.03928492218255997
0.03868193179368973
0.0360601507127285
0.03728923946619034
0.03365915268659592
0.05377201363444328
0.0338001549243927
0.03449953347444534
0.0389854833483696
0.03578999638557434
0.032593391835689545
0.03290296345949173
0.07261760532855988
0.0344877615571022
0.040710292756557465
0.0371900275349617
0.035461559891700745
0.0350031703710556
0.032484110444784164
0.0488397441804409
0.033598363399505615
0.034505896270275116
0.03790546581149101
0.03361692279577255
0.03228195756673813
0.03693476319313049
0.05754351615905762
0.03748970851302147
0.03644959628582001
0.036752115935087204
0.038012538105249405
0.03897485136985779
0.037703368812799454
0.039492376148700714
0.03274054452776909
0.03480088710784912
0.03164176270365715
0.03734931722283363
0.037967585027217865
0.03692604601383209
0.043598439544439316
0.03803630545735359
0.03227183595299721
0.03599072992801666
0.033557575196027756
0.0330934077501297
0.033868491649627686
0.08752159774303436
0.049014195799827576
0.040875036269426346
0.04635094106197357
0.04043370485305786
0.03777032718062401
0.03605634346604347
0.051234520971775055
0.03536191210150719
0.03516846150159836
0.03409421816468239
0.044629283249378204
0.03755719214677811
0.036290377378463745
0.048355039209127426
0.03460376709699631
0.03554416075348854
0.032873865216970444
0.03590495511889458
0.0394543781876564
0.03604000806808472
0.07394959777593613
0.04286908358335495
0.041972190141677856
0.04002714529633522
0.03597746789455414
0.03934495523571968
0.035979148000478745
0.048753347247838974
0.04014156013727188
0.03889940306544304
0.033720336854457855
0.03467904031276703
0.03614816069602966
0.03738394379615784
0.06352648138999939
0.03151729702949524
0.03640752285718918
0.039985910058021545
0.036729514598846436
0.03460584208369255
0.036009982228279114
0.04111235961318016
0.03646649047732353
0.03834746778011322
0.03502115607261658
0.03371959179639816
0.03442317247390747
0.03736678883433342
0.04776935279369354
0.03787282109260559
0.03776615485548973
0.035962000489234924
0.040614355355501175
0.03519219532608986
0.03302586451172829
0.05141858011484146
0.03615722060203552
0.0335778184235096
0.03343277797102928
0.03620772808790207
0.035734351724386215
0.037173956632614136
0.053929403424263
0.03403784707188606
0.03661102429032326
0.03607553616166115
0.03519989177584648
0.0332280769944191
0.03667580336332321
0.0707002505660057
0.03696852922439575
0.03870464116334915
0.03856893256306648
0.03583909198641777
0.03577800095081329
0.04014090821146965
0.06111720949411392
0.03634730726480484
0.0379369780421257
0.03531590849161148
0.03315137326717377
0.040897831320762634
0.03483085334300995
0.053206589072942734
0.03759244084358215
0.03552437946200371
0.037153322249650955
0.03943939507007599
0.03194981813430786
0.03281155973672867
0.062326829880476
0.03233123570680618
0.04180799052119255
0.04123656451702118
0.03335564583539963
0.03367850184440613
0.037151969969272614
0.0686374381184578
0.03393491730093956
0.04037585109472275
0.03384266793727875
0.03389616310596466
0.038173601031303406
0.03545447438955307
0.03582635521888733
0.0325663685798645
0.03731756657361984
0.03675469383597374
0.0342455729842186
0.033741142600774765
0.03401409834623337
0.05395491421222687
0.034247517585754395
0.03921935334801674
0.03336649388074875
0.0326482430100441
0.03190743923187256
0.0347367599606514
0.04021685570478439
0.03357935696840286
0.034981898963451385
0.031660448759794235
0.036996737122535706
0.031983762979507446
0.03629501909017563
0.04955992102622986
0.03215990588068962
0.03304959833621979
0.0371985137462616
0.03549271821975708
0.04109346121549606
0.031422972679138184
0.04323887825012207
0.03654058650135994
0.03253423050045967
0.035417575389146805
0.03192830830812454
0.0335763543844223
0.036495767533779144
0.04470822215080261
0.03933362662792206
0.03198622539639473
0.033473558723926544
0.03478473052382469
0.030593212693929672
0.03488750383257866
0.04574522003531456
0.032336629927158356
0.030718613415956497
0.03581452742218971
0.03568238019943237
0.03143104538321495
0.035419583320617676
0.0481109581887722
0.03402931988239288
0.03000994771718979
0.03757637366652489
0.03706279769539833
0.03847964107990265
0.03535681962966919
0.04161970317363739
0.04250745475292206
0.03651846945285797
0.034202344715595245
0.03282061591744423
0.03618517518043518
0.030574921518564224
0.05370096489787102
0.03156139701604843
0.032792869955301285
0.03561391681432724
0.03373302146792412
0.03675715625286102
0.04132857918739319
0.041596874594688416
0.03167828917503357
0.032056983560323715
0.034551963210105896
0.03337762504816055
0.034084513783454895
0.031795550137758255
0.04399585351347923
0.033696532249450684
0.031699590384960175
0.03537329286336899
0.03642953932285309
0.03273645043373108
0.033722005784511566
0.038252659142017365
0.03485075384378433
0.030447153374552727
0.031864844262599945
0.03489271551370621
0.03624724596738815
0.03319377452135086
0.042110465466976166
0.030466541647911072
0.03516966104507446
0.031206466257572174
0.03430100902915001
0.03560071438550949
0.035517528653144836
0.04870155453681946
0.03392421826720238
0.03104403428733349
0.0321345329284668
0.03430918604135513
0.03522513806819916
0.033146873116493225
0.06335334479808807
0.03804066777229309
0.03606065362691879
0.03357766941189766
0.0360255166888237
0.03119741380214691
0.033001504838466644
0.059435322880744934
0.03792046010494232
0.04183609411120415
0.03799256682395935
0.0330500602722168
0.03237075358629227
0.036374781280756
0.044061027467250824
0.039387673139572144
0.03325464203953743
0.03505025431513786
0.036905162036418915
0.03319815173745155
0.0330033153295517
0.043831661343574524
0.03487560898065567
0.037431228905916214
0.03614022955298424
0.03262757509946823
0.03443548083305359
0.030536292120814323
0.04074661433696747
0.03393438458442688
0.03636527061462402
0.03488535434007645
0.03357002139091492
0.032197244465351105
0.038051873445510864
0.04422827810049057
0.030798643827438354
0.03358474373817444
0.034089162945747375
0.03243182599544525
0.035767070949077606
0.035966936498880386
0.0489647351205349
0.03152114897966385
0.03529927879571915
0.03304668515920639
0.03276742994785309
0.03430648148059845
0.03475160151720047
0.04733067750930786
0.03298802301287651
0.033820465207099915
0.03616762161254883
0.031224004924297333
0.03349762037396431
0.03244104981422424
0.06354475021362305
0.030830953270196915
0.03886685520410538
0.03182075172662735
0.03406781330704689
0.03728407248854637
0.03530437499284744
0.051786892116069794
0.03339599072933197
0.030997801572084427
0.032123684883117676
0.038510195910930634
0.03238774836063385
0.03682911396026611
0.056961789727211
0.03336205706000328
0.03534983843564987
0.03516370803117752
0.038017094135284424
0.039476923644542694
0.033814892172813416
0.04826714098453522
0.03439297527074814
0.03439651057124138
0.035501450300216675
0.0352274626493454
0.034116167575120926
0.03154958039522171
0.050558894872665405
0.032769471406936646
0.03271694481372833
0.036818571388721466
0.04007992893457413
0.03137804567813873
0.03204834833741188
0.049714233726263046
0.03382232040166855
0.03451662138104439
0.030908090993762016
0.036194734275341034
0.0380667969584465
0.03357333689928055
0.043196044862270355
0.03606773912906647
0.036990124732255936
0.032300110906362534
0.030887683853507042
0.035588257014751434
0.03364257514476776
0.046530090272426605
0.036325603723526
0.034698665142059326
0.030880775302648544
0.032761670649051666
0.03645012527704239
0.03520219027996063
0.050580233335494995
0.03461698442697525
0.031821101903915405
0.03355015441775322
0.03238152340054512
0.03402318060398102
0.034552931785583496
0.04616732522845268
0.03252602368593216
0.034715987741947174
0.03042127750813961
0.033176690340042114
0.03125278651714325
0.03616159036755562
0.05556620657444
0.034509751945734024
0.037707097828388214
0.03173302114009857
0.03541191294789314
0.03358360379934311
0.03382185101509094
0.054616279900074005
0.037632789462804794
0.03673548996448517
0.03986954316496849
0.03466242179274559
0.03350342437624931
0.040393050760030746
0.0460178479552269
0.0362977534532547
0.03493097051978111
0.0376676544547081
0.0394488200545311
0.03564583882689476
0.0363459512591362
0.046646442264318466
0.03269315883517265
0.03186768665909767
0.040215782821178436
0.03290480747818947
0.0344674177467823
0.035419762134552
0.06302914768457413
0.0330769307911396
0.039485346525907516
0.03316875174641609
0.037239424884319305
0.03526227921247482
0.03472356125712395
0.038290590047836304
0.030857492238283157
0.032866641879081726
0.030807282775640488
0.034640274941921234
0.035949163138866425
0.033026907593011856
0.04326693341135979
0.0319100022315979
0.028980819508433342
0.034837834537029266
0.03536270186305046
0.03395864740014076
0.03301099315285683
0.048484377562999725
0.030762270092964172
0.03520187363028526
0.034375108778476715
0.031384892761707306
0.03199267387390137
0.03623760864138603
0.04601287096738815
0.03349310904741287
0.03299357369542122
0.03534458577632904
0.036800313740968704
0.03311456739902496
0.03306705504655838
0.05207540839910507
0.03332037106156349
0.036913394927978516
0.0323910228908062
0.03460603952407837
0.033281438052654266
0.03135846555233002
0.04686947911977768
0.034806884825229645
0.034985192120075226
0.030055051669478416
0.03544976934790611
0.03571305051445961
0.032365769147872925
0.05128789693117142
0.03547414392232895
0.03518839180469513
0.03562953323125839
0.03249882534146309
0.03419600427150726
0.031182928010821342
0.04586447775363922
0.03383535519242287
0.03310580179095268
0.033887069672346115
0.03212755173444748
0.029957909137010574
0.032734356820583344
0.04763969033956528
0.0356568843126297
0.033845238387584686
0.03594356030225754
0.036425720900297165
0.029004041105508804
0.035535771399736404
0.041112497448921204
0.03399083763360977
0.03608919680118561
0.03501483425498009
0.03257396072149277
0.03053642436861992
0.035545021295547485
0.038154423236846924
0.03690270334482193
0.032042570412158966
0.032554637640714645
0.03433865308761597
0.030763205140829086
0.03221089392900467
0.03776717185974121
0.03031809628009796
0.03502999246120453
0.03148548677563667
0.03538490831851959
0.03367321938276291
0.02951882779598236
0.0573933869600296
0.03747463971376419
0.03351555019617081
0.029808124527335167
0.033118367195129395
0.035975001752376556
0.03158465027809143
0.048614539206027985
0.03279082477092743
0.03615083545446396
0.03945592790842056
0.033775683492422104
0.034112975001335144
0.02918357402086258
0.040329061448574066
0.03311539441347122
0.033440351486206055
0.030710546299815178
0.03262252360582352
0.039951078593730927
0.03152022510766983
0.04469374567270279
0.03346509486436844
0.03156179562211037
0.032242923974990845
0.03457290679216385
0.03462190181016922
0.035739634186029434
0.05780216306447983
0.0332789346575737
0.032848890870809555
0.03445522114634514
0.029366573318839073
0.03330262005329132
0.03242049738764763
0.03744298964738846
0.03407665714621544
0.03252919018268585
0.03063182160258293
0.030177850276231766
0.03414241969585419
0.0317443422973156
0.04291359335184097
0.028830569237470627
0.034119464457035065
0.0321991853415966
0.0342024490237236
0.029699115082621574
0.033318474888801575
0.049239590764045715
0.030554447323083878
0.030280103906989098
0.03363768756389618
0.03797079622745514
0.03308572247624397
0.035554900765419006
0.04779982194304466
0.03266038000583649
0.036091096699237823
0.03188159689307213
0.033200714737176895
0.03130929544568062
0.034876711666584015
0.05380713939666748
0.035958826541900635
0.03255900740623474
0.039834052324295044
0.03225190192461014
0.032283421605825424
0.03618285059928894
0.046482279896736145
0.03380503132939339
0.03362094610929489
0.03299371898174286
0.03138156980276108
0.03172796592116356
0.035162441432476044
0.04426472634077072
0.03186184912919998
0.0311831533908844
0.03268963098526001
0.031212493777275085
0.03308984637260437
0.03412621468305588
0.06196972355246544
0.040145523846149445
0.03696046024560928
0.03377252072095871
0.03622756153345108
0.031093191355466843
0.03354790061712265
0.06045748293399811
0.03546956181526184
0.03405282646417618
0.03315219655632973
0.03329578787088394
0.03440861031413078
0.04192493110895157
0.044727884232997894
0.03227658197283745
0.035295188426971436
0.03503274545073509
0.03371971473097801
0.033135272562503815
0.03437179699540138
0.04410941153764725
0.03657197207212448
0.03136817738413811
0.032191164791584015
0.030691023916006088
0.03347961604595184
0.03210511803627014
0.045430153608322144
0.03333926573395729
0.03134269267320633
0.03262537717819214
0.03852009028196335
0.035227250307798386
0.03379732742905617
0.04203995317220688
0.03951582312583923
0.029074139893054962
0.0321614071726799
0.03181484341621399
0.03544666990637779
0.03134111315011978
0.03794078528881073
0.0316653773188591
0.03187362104654312
0.03244079649448395
0.033892400562763214
0.03154800459742546
0.03164574131369591
0.04217776656150818
0.032714687287807465
0.03246040642261505
0.03192733973264694
0.03130944445729256
0.03400932997465134
0.02987637184560299
0.04105132073163986
0.027796808630228043
0.03225979581475258
0.0333993136882782
0.03563143312931061
0.033347953110933304
0.0311339870095253
0.042597368359565735
0.0300920307636261
0.031089171767234802
0.03223525732755661
0.03427871689200401
0.0318014919757843
0.030547184869647026
0.03389216214418411
0.03001871518790722
0.030134301632642746
0.028368957340717316
0.030143987387418747
0.03250323235988617
0.0366542711853981
0.045310795307159424
0.030106130987405777
0.03327750414609909
0.032509759068489075
0.032764121890068054
0.029574595391750336
0.03597024828195572
0.04748239740729332
0.029837504029273987
0.033888399600982666
0.034655921161174774
0.03308607637882233
0.031312983483076096
0.02945300005376339
0.036092668771743774
0.031073076650500298
0.03434477746486664
0.03299105167388916
0.028440041467547417
0.03143741935491562
0.031229019165039062
0.07172752171754837
0.039526842534542084
0.034430183470249176
0.0348798967897892
0.029755163937807083
0.03635505586862564
0.03500190004706383
0.03786984086036682
0.03199980780482292
0.030051669105887413
0.031031614169478416
0.03121589682996273
0.03343658894300461
0.03279268741607666
0.05206554755568504
0.03167793154716492
0.03163006901741028
0.03156557306647301
0.03292348235845566
0.03165756165981293
0.032647453248500824
0.05691063031554222
0.029667001217603683
0.03380395844578743
0.03583669662475586
0.03502396494150162
0.030491916462779045
0.03634350001811981
0.04621068760752678
0.03084353171288967
0.03567047417163849
0.03541288897395134
0.03195721283555031
0.03774260729551315
0.031700484454631805
0.058942437171936035
0.03764937072992325
0.03653765469789505
0.034235209226608276
0.0331839919090271
0.03449635207653046
0.029274366796016693
0.05564088374376297
0.035610973834991455
0.03332427144050598
0.033582329750061035
0.038317084312438965
0.03225988894701004
0.03149927780032158
0.04149089381098747
0.0337044894695282
0.03431238606572151
0.03243213891983032
0.031200168654322624
0.032647401094436646
0.032721489667892456
0.0424623116850853
0.03203468397259712
0.03145166113972664
0.03060212731361389
0.03483156859874725
0.034285951405763626
0.03418293595314026
0.03763854503631592
0.03251730650663376
0.031586647033691406
0.032023124396800995
0.032818786799907684
0.03521403670310974
0.031072475016117096
0.0379481166601181
0.03595294430851936
0.03249870613217354
0.03179594874382019
0.032557372003793716
0.02986839786171913
0.033079542219638824
0.04053344205021858
0.03435288369655609
0.030828673392534256
0.029444564133882523
0.03337908163666725
0.033575817942619324
0.03238779678940773
0.04647636041045189
0.03289300948381424
0.03798443451523781
0.03743154555559158
0.03205038979649544
0.031314916908741
0.03735962137579918
0.03900047391653061
0.03051546774804592
0.03179505094885826
0.03126954287290573
0.032447025179862976
0.037209220230579376
0.030684595927596092
0.045253779739141464
0.032308295369148254
0.032028261572122574
0.03180603310465813
0.03250977396965027
0.029721295461058617
0.02935071662068367
0.04399910569190979
0.030806591734290123
0.03353244811296463
0.034657806158065796
0.03067909926176071
0.03146101534366608
0.031181849539279938
0.03528565913438797
0.03672019764780998
0.031221970915794373
0.02849450521171093
0.03612799197435379
0.029789749532938004
0.03194580227136612
0.04002460837364197
0.03125802427530289
0.030944686383008957
0.031244512647390366
0.0328059121966362
0.03132446110248566
0.031076734885573387
0.042542602866888046
0.029923593625426292
0.032821059226989746
0.030150827020406723
0.03253587335348129
0.032282568514347076
0.031904250383377075
0.046202242374420166
0.030087342485785484
0.034312814474105835
0.033932916820049286
0.029872793704271317
0.03121293894946575
0.03255051374435425
0.057922638952732086
0.033354535698890686
0.036046646535396576
0.03384699299931526
0.0315723642706871
0.03491454944014549
0.030190816149115562
0.05838170275092125
0.029664549976587296
0.03238125145435333
0.0370417945086956
0.032251134514808655
0.03328997641801834
0.03235240280628204
0.07416202127933502
0.03474627062678337
0.03627471998333931
0.03640098497271538
0.036182209849357605
0.03778652101755142
0.03610708937048912
0.046016715466976166
0.03610731288790703
0.03593650460243225
0.035329535603523254
0.032023634761571884
0.03216325119137764
0.031097566708922386
0.05878053233027458
0.030997877940535545
0.03437096253037453
0.03225170075893402
0.03292985260486603
0.037590447813272476
0.03636464476585388
0.041947510093450546
0.032627590000629425
0.03417833149433136
0.03315386176109314
0.029243599623441696
0.03490813821554184
0.0317549854516983
0.04885423183441162
0.03293577954173088
0.03517291694879532
0.03138837218284607
0.03808646649122238
0.032925453037023544
0.03291194885969162
0.04004087299108505
0.037433065474033356
0.02926807478070259
0.031116409227252007
0.032431021332740784
0.03185361996293068
0.02944447100162506
0.047854404896497726
0.03424295037984848
0.032909221947193146
0.03194308280944824
0.03001108020544052
0.032637447118759155
0.03117337077856064
0.036338940262794495
0.029249124228954315
0.03365836292505264
0.03192753717303276
0.029814064502716064
0.030217310413718224
0.030181780457496643
0.04683281481266022
0.032345619052648544
0.0316154807806015
0.029401784762740135
0.030209263786673546
0.02946425788104534
0.030693333595991135
0.060239873826503754
0.029926327988505363
0.03268551081418991
0.03531854599714279
0.03501048684120178
0.03214411437511444
0.035808462649583817
0.0468112975358963
0.03343356028199196
0.030624277889728546
0.03217732161283493
0.03207828849554062
0.034691788256168365
0.030708007514476776
0.03846641629934311
0.03189704939723015
0.03138149157166481
0.030940499156713486
0.028802338987588882
0.03051671013236046
0.03373907506465912
0.04292157292366028
0.029397305101156235
0.03166671469807625
0.034032389521598816
0.03269476071000099
0.03153064101934433
0.030185801908373833
0.047432687133550644
0.03427153825759888
0.03516773506999016
0.03262018784880638
0.029433533549308777
0.029068060219287872
0.028620637953281403
0.04533485695719719
0.028815601021051407
0.03599424660205841
0.029869943857192993
0.030290011316537857
0.030123239383101463
0.030091775581240654
0.0475088469684124
0.031097665429115295
0.035514429211616516
0.0318107083439827
0.02952560782432556
0.02869761548936367
0.03157081454992294
0.0554221086204052
0.03291727602481842
0.03246046230196953
0.03291161358356476
0.033172816038131714
0.03388164937496185
0.03308586776256561
0.0389353409409523
0.03296457231044769
0.028695259243249893
0.03151541203260422
0.03265395388007164
0.03161313757300377
0.032318487763404846
0.06275126338005066
0.031198650598526
0.034265801310539246
0.03538988530635834
0.030432462692260742
0.03141574189066887
0.029366469010710716
0.045075662434101105
0.030171621590852737
0.033110953867435455
0.031146422028541565
0.03537386655807495
0.02821955643594265
0.029842814430594444
0.039583899080753326
0.028729919344186783
0.0355292372405529
0.032048486173152924
0.035755325108766556
0.02911938540637493
0.033808667212724686
0.03381504863500595
0.031712260097265244
0.03008490428328514
0.034645549952983856
0.03152437508106232
0.031334828585386276
0.03292661905288696
0.04753465577960014
0.03648137301206589
0.030353521928191185
0.03257486969232559
0.037738002836704254
0.031140219420194626
0.03134876862168312
0.042308151721954346
0.032415639609098434
0.03103659115731716
0.028710585087537766
0.03200221806764603
0.038137443363666534
0.03261624276638031
0.037924863398075104
0.031156687065958977
0.030269760638475418
0.033032044768333435
0.032307788729667664
0.03202705830335617
0.030867449939250946
0.04299917444586754
0.03273072466254234
0.029717713594436646
0.030785534530878067
0.030964519828557968
0.03222467750310898
0.02987513318657875
0.04760114103555679
0.03161836043000221
0.030708719044923782
0.03273823484778404
0.03179270774126053
0.03206852823495865
0.03201214224100113
0.05613188445568085
0.033091507852077484
0.03488656133413315
0.034746281802654266
0.03602069616317749
0.033795930445194244
0.03155744820833206
0.03496429696679115
0.02902611903846264
0.03330759331583977
0.03147226572036743
0.031032651662826538
0.030844494700431824
0.0319812074303627
0.046523403376340866
